minbound,shape,unit
-39.6,43,3.6
-115.2,40,3.6
0,11,3.6

IX,IY,IZ,value
0,0,0,-1
0,0,1,-1
0,0,2,-1
0,0,3,-1
0,0,4,-1
0,0,5,-1
0,0,6,-1
0,0,7,-1
0,0,8,-1
0,0,9,-1
0,0,10,-1
0,1,0,-1
0,1,1,-1
0,1,2,-1
0,1,3,-1
0,1,4,-1
0,1,5,-1
0,1,6,-1
0,1,7,-1
0,1,8,-1
0,1,9,-1
0,1,10,-1
0,2,0,-1
0,2,1,-1
0,2,2,-1
0,2,3,-1
0,2,4,-1
0,2,5,-1
0,2,6,-1
0,2,7,-1
0,2,8,-1
0,2,9,-1
0,2,10,-1
0,3,0,-1
0,3,1,-1
0,3,2,-1
0,3,3,-1
0,3,4,-1
0,3,5,-1
0,3,6,-1
0,3,7,-1
0,3,8,-1
0,3,9,-1
0,3,10,-1
0,4,0,-1
0,4,1,-1
0,4,2,-1
0,4,3,-1
0,4,4,-1
0,4,5,-1
0,4,6,-1
0,4,7,-1
0,4,8,-1
0,4,9,-1
0,4,10,-1
0,5,0,-1
0,5,1,-1
0,5,2,-1
0,5,3,-1
0,5,4,-1
0,5,5,-1
0,5,6,-1
0,5,7,-1
0,5,8,-1
0,5,9,-1
0,5,10,-1
0,6,0,-1
0,6,1,-1
0,6,2,-1
0,6,3,-1
0,6,4,-1
0,6,5,-1
0,6,6,-1
0,6,7,-1
0,6,8,-1
0,6,9,-1
0,6,10,-1
0,7,0,-1
0,7,1,-1
0,7,2,-1
0,7,3,-1
0,7,4,-1
0,7,5,-1
0,7,6,-1
0,7,7,-1
0,7,8,-1
0,7,9,-1
0,7,10,-1
0,8,0,-1
0,8,1,-1
0,8,2,-1
0,8,3,-1
0,8,4,-1
0,8,5,-1
0,8,6,-1
0,8,7,-1
0,8,8,-1
0,8,9,-1
0,8,10,-1
0,9,0,-1
0,9,1,-1
0,9,2,-1
0,9,3,-1
0,9,4,-1
0,9,5,-1
0,9,6,-1
0,9,7,-1
0,9,8,-1
0,9,9,-1
0,9,10,-1
0,10,0,-1
0,10,1,-1
0,10,2,-1
0,10,3,-1
0,10,4,-1
0,10,5,-1
0,10,6,-1
0,10,7,-1
0,10,8,-1
0,10,9,-1
0,10,10,-1
0,11,0,-1
0,11,1,-1
0,11,2,-1
0,11,3,-1
0,11,4,-1
0,11,5,-1
0,11,6,-1
0,11,7,-1
0,11,8,-1
0,11,9,-1
0,11,10,-1
0,12,0,-1
0,12,1,-1
0,12,2,-1
0,12,3,-1
0,12,4,-1
0,12,5,-1
0,12,6,-1
0,12,7,-1
0,12,8,-1
0,12,9,-1
0,12,10,-1
0,13,0,-1
0,13,1,-1
0,13,2,-1
0,13,3,-1
0,13,4,-1
0,13,5,-1
0,13,6,-1
0,13,7,-1
0,13,8,-1
0,13,9,-1
0,13,10,-1
0,14,0,-1
0,14,1,-1
0,14,2,-1
0,14,3,-1
0,14,4,-1
0,14,5,-1
0,14,6,-1
0,14,7,-1
0,14,8,-1
0,14,9,-1
0,14,10,-1
0,15,0,-1
0,15,1,-1
0,15,2,-1
0,15,3,-1
0,15,4,-1
0,15,5,-1
0,15,6,-1
0,15,7,-1
0,15,8,-1
0,15,9,-1
0,15,10,-1
0,16,0,-1
0,16,1,-1
0,16,2,-1
0,16,3,-1
0,16,4,-1
0,16,5,-1
0,16,6,-1
0,16,7,-1
0,16,8,-1
0,16,9,-1
0,16,10,-1
0,17,0,-1
0,17,1,-1
0,17,2,-1
0,17,3,-1
0,17,4,-1
0,17,5,-1
0,17,6,-1
0,17,7,-1
0,17,8,-1
0,17,9,-1
0,17,10,-1
0,18,0,-1
0,18,1,-1
0,18,2,-1
0,18,3,-1
0,18,4,-1
0,18,5,-1
0,18,6,-1
0,18,7,-1
0,18,8,-1
0,18,9,-1
0,18,10,-1
0,19,0,-1
0,19,1,-1
0,19,2,-1
0,19,3,-1
0,19,4,-1
0,19,5,-1
0,19,6,-1
0,19,7,-1
0,19,8,-1
0,19,9,-1
0,19,10,-1
0,20,0,-1
0,20,1,-1
0,20,2,-1
0,20,3,-1
0,20,4,-1
0,20,5,-1
0,20,6,-1
0,20,7,-1
0,20,8,-1
0,20,9,-1
0,20,10,-1
0,21,0,-1
0,21,1,-1
0,21,2,-1
0,21,3,-1
0,21,4,-1
0,21,5,-1
0,21,6,-1
0,21,7,-1
0,21,8,-1
0,21,9,-1
0,21,10,-1
0,22,0,-1
0,22,1,-1
0,22,2,-1
0,22,3,-1
0,22,4,-1
0,22,5,-1
0,22,6,-1
0,22,7,-1
0,22,8,-1
0,22,9,-1
0,22,10,-1
0,23,0,-1
0,23,1,-1
0,23,2,-1
0,23,3,-1
0,23,4,-1
0,23,5,-1
0,23,6,-1
0,23,7,-1
0,23,8,-1
0,23,9,-1
0,23,10,-1
0,24,0,-1
0,24,1,-1
0,24,2,-1
0,24,3,-1
0,24,4,-1
0,24,5,-1
0,24,6,-1
0,24,7,-1
0,24,8,-1
0,24,9,-1
0,24,10,-1
0,25,0,-1
0,25,1,-1
0,25,2,-1
0,25,3,-1
0,25,4,-1
0,25,5,-1
0,25,6,-1
0,25,7,-1
0,25,8,-1
0,25,9,-1
0,25,10,-1
0,26,0,-1
0,26,1,-1
0,26,2,-1
0,26,3,-1
0,26,4,-1
0,26,5,-1
0,26,6,-1
0,26,7,-1
0,26,8,-1
0,26,9,-1
0,26,10,-1
0,27,0,-1
0,27,1,-1
0,27,2,-1
0,27,3,-1
0,27,4,-1
0,27,5,-1
0,27,6,-1
0,27,7,-1
0,27,8,-1
0,27,9,-1
0,27,10,-1
0,28,0,-1
0,28,1,-1
0,28,2,-1
0,28,3,-1
0,28,4,-1
0,28,5,-1
0,28,6,-1
0,28,7,-1
0,28,8,-1
0,28,9,-1
0,28,10,-1
0,29,0,-1
0,29,1,-1
0,29,2,-1
0,29,3,-1
0,29,4,-1
0,29,5,-1
0,29,6,-1
0,29,7,-1
0,29,8,-1
0,29,9,-1
0,29,10,-1
0,30,0,-1
0,30,1,-1
0,30,2,-1
0,30,3,-1
0,30,4,-1
0,30,5,-1
0,30,6,-1
0,30,7,-1
0,30,8,-1
0,30,9,-1
0,30,10,-1
0,31,0,-1
0,31,1,-1
0,31,2,-1
0,31,3,-1
0,31,4,-1
0,31,5,-1
0,31,6,-1
0,31,7,-1
0,31,8,-1
0,31,9,-1
0,31,10,-1
0,32,0,-1
0,32,1,-1
0,32,2,-1
0,32,3,-1
0,32,4,-1
0,32,5,-1
0,32,6,-1
0,32,7,-1
0,32,8,-1
0,32,9,-1
0,32,10,-1
0,33,0,-1
0,33,1,-1
0,33,2,-1
0,33,3,-1
0,33,4,-1
0,33,5,-1
0,33,6,-1
0,33,7,-1
0,33,8,-1
0,33,9,-1
0,33,10,-1
0,34,0,-1
0,34,1,-1
0,34,2,-1
0,34,3,-1
0,34,4,-1
0,34,5,-1
0,34,6,-1
0,34,7,-1
0,34,8,-1
0,34,9,-1
0,34,10,-1
0,35,0,-1
0,35,1,-1
0,35,2,-1
0,35,3,-1
0,35,4,-1
0,35,5,-1
0,35,6,-1
0,35,7,-1
0,35,8,-1
0,35,9,-1
0,35,10,-1
0,36,0,-1
0,36,1,-1
0,36,2,-1
0,36,3,-1
0,36,4,-1
0,36,5,-1
0,36,6,-1
0,36,7,-1
0,36,8,-1
0,36,9,-1
0,36,10,-1
0,37,0,-1
0,37,1,-1
0,37,2,-1
0,37,3,-1
0,37,4,-1
0,37,5,-1
0,37,6,-1
0,37,7,-1
0,37,8,-1
0,37,9,-1
0,37,10,-1
0,38,0,-1
0,38,1,-1
0,38,2,-1
0,38,3,-1
0,38,4,-1
0,38,5,-1
0,38,6,-1
0,38,7,-1
0,38,8,-1
0,38,9,-1
0,38,10,-1
0,39,0,-1
0,39,1,-1
0,39,2,-1
0,39,3,-1
0,39,4,-1
0,39,5,-1
0,39,6,-1
0,39,7,-1
0,39,8,-1
0,39,9,-1
0,39,10,-1
1,0,0,-1
1,0,1,-1
1,0,2,-1
1,0,3,-1
1,0,4,-1
1,0,5,-1
1,0,6,-1
1,0,7,-1
1,0,8,-1
1,0,9,-1
1,0,10,-1
1,1,0,-1
1,1,1,-1
1,1,2,-1
1,1,3,-1
1,1,4,-1
1,1,5,-1
1,1,6,-1
1,1,7,-1
1,1,8,-1
1,1,9,-1
1,1,10,-1
1,2,0,-1
1,2,1,-1
1,2,2,-1
1,2,3,-1
1,2,4,-1
1,2,5,-1
1,2,6,-1
1,2,7,-1
1,2,8,-1
1,2,9,-1
1,2,10,-1
1,3,0,-1
1,3,1,-1
1,3,2,-1
1,3,3,-1
1,3,4,-1
1,3,5,-1
1,3,6,-1
1,3,7,-1
1,3,8,-1
1,3,9,-1
1,3,10,-1
1,4,0,-1
1,4,1,-1
1,4,2,-1
1,4,3,-1
1,4,4,-1
1,4,5,-1
1,4,6,-1
1,4,7,-1
1,4,8,-1
1,4,9,-1
1,4,10,-1
1,5,0,-1
1,5,1,-1
1,5,2,-1
1,5,3,6
1,5,4,13
1,5,5,10
1,5,6,-1
1,5,7,-1
1,5,8,-1
1,5,9,-1
1,5,10,-1
1,6,0,-1
1,6,1,-1
1,6,2,-1
1,6,3,6
1,6,4,13
1,6,5,10
1,6,6,-1
1,6,7,-1
1,6,8,-1
1,6,9,-1
1,6,10,-1
1,7,0,-1
1,7,1,-1
1,7,2,-1
1,7,3,6
1,7,4,13
1,7,5,10
1,7,6,-1
1,7,7,-1
1,7,8,-1
1,7,9,-1
1,7,10,-1
1,8,0,-1
1,8,1,-1
1,8,2,-1
1,8,3,6
1,8,4,13
1,8,5,10
1,8,6,-1
1,8,7,-1
1,8,8,-1
1,8,9,-1
1,8,10,-1
1,9,0,-1
1,9,1,-1
1,9,2,-1
1,9,3,6
1,9,4,13
1,9,5,10
1,9,6,-1
1,9,7,-1
1,9,8,-1
1,9,9,-1
1,9,10,-1
1,10,0,-1
1,10,1,-1
1,10,2,-1
1,10,3,6
1,10,4,13
1,10,5,10
1,10,6,-1
1,10,7,-1
1,10,8,-1
1,10,9,-1
1,10,10,-1
1,11,0,-1
1,11,1,-1
1,11,2,-1
1,11,3,6
1,11,4,13
1,11,5,10
1,11,6,-1
1,11,7,-1
1,11,8,-1
1,11,9,-1
1,11,10,-1
1,12,0,-1
1,12,1,-1
1,12,2,-1
1,12,3,6
1,12,4,3
1,12,5,-1
1,12,6,-1
1,12,7,-1
1,12,8,-1
1,12,9,-1
1,12,10,-1
1,13,0,-1
1,13,1,-1
1,13,2,-1
1,13,3,6
1,13,4,3
1,13,5,-1
1,13,6,-1
1,13,7,-1
1,13,8,-1
1,13,9,-1
1,13,10,-1
1,14,0,-1
1,14,1,-1
1,14,2,-1
1,14,3,6
1,14,4,3
1,14,5,-1
1,14,6,-1
1,14,7,-1
1,14,8,-1
1,14,9,-1
1,14,10,-1
1,15,0,-1
1,15,1,-1
1,15,2,-1
1,15,3,15
1,15,4,3
1,15,5,-1
1,15,6,-1
1,15,7,-1
1,15,8,-1
1,15,9,-1
1,15,10,-1
1,16,0,-1
1,16,1,-1
1,16,2,-1
1,16,3,15
1,16,4,3
1,16,5,-1
1,16,6,-1
1,16,7,-1
1,16,8,-1
1,16,9,-1
1,16,10,-1
1,17,0,-1
1,17,1,-1
1,17,2,-1
1,17,3,15
1,17,4,3
1,17,5,-1
1,17,6,-1
1,17,7,-1
1,17,8,-1
1,17,9,-1
1,17,10,-1
1,18,0,-1
1,18,1,-1
1,18,2,-1
1,18,3,20
1,18,4,3
1,18,5,-1
1,18,6,-1
1,18,7,-1
1,18,8,-1
1,18,9,-1
1,18,10,-1
1,19,0,-1
1,19,1,-1
1,19,2,-1
1,19,3,20
1,19,4,3
1,19,5,-1
1,19,6,-1
1,19,7,-1
1,19,8,-1
1,19,9,-1
1,19,10,-1
1,20,0,-1
1,20,1,-1
1,20,2,-1
1,20,3,-1
1,20,4,-1
1,20,5,-1
1,20,6,-1
1,20,7,-1
1,20,8,-1
1,20,9,-1
1,20,10,-1
1,21,0,-1
1,21,1,-1
1,21,2,-1
1,21,3,-1
1,21,4,-1
1,21,5,-1
1,21,6,-1
1,21,7,-1
1,21,8,-1
1,21,9,-1
1,21,10,-1
1,22,0,-1
1,22,1,-1
1,22,2,-1
1,22,3,-1
1,22,4,-1
1,22,5,-1
1,22,6,-1
1,22,7,-1
1,22,8,-1
1,22,9,-1
1,22,10,-1
1,23,0,-1
1,23,1,-1
1,23,2,-1
1,23,3,-1
1,23,4,-1
1,23,5,-1
1,23,6,-1
1,23,7,-1
1,23,8,-1
1,23,9,-1
1,23,10,-1
1,24,0,-1
1,24,1,-1
1,24,2,-1
1,24,3,-1
1,24,4,-1
1,24,5,-1
1,24,6,-1
1,24,7,-1
1,24,8,-1
1,24,9,-1
1,24,10,-1
1,25,0,-1
1,25,1,-1
1,25,2,-1
1,25,3,-1
1,25,4,-1
1,25,5,-1
1,25,6,-1
1,25,7,-1
1,25,8,-1
1,25,9,-1
1,25,10,-1
1,26,0,-1
1,26,1,-1
1,26,2,-1
1,26,3,-1
1,26,4,-1
1,26,5,-1
1,26,6,-1
1,26,7,-1
1,26,8,-1
1,26,9,-1
1,26,10,-1
1,27,0,-1
1,27,1,-1
1,27,2,-1
1,27,3,-1
1,27,4,-1
1,27,5,-1
1,27,6,-1
1,27,7,-1
1,27,8,-1
1,27,9,-1
1,27,10,-1
1,28,0,-1
1,28,1,-1
1,28,2,-1
1,28,3,-1
1,28,4,-1
1,28,5,-1
1,28,6,-1
1,28,7,-1
1,28,8,-1
1,28,9,-1
1,28,10,-1
1,29,0,-1
1,29,1,-1
1,29,2,-1
1,29,3,-1
1,29,4,-1
1,29,5,-1
1,29,6,-1
1,29,7,-1
1,29,8,-1
1,29,9,-1
1,29,10,-1
1,30,0,-1
1,30,1,-1
1,30,2,-1
1,30,3,-1
1,30,4,-1
1,30,5,-1
1,30,6,-1
1,30,7,-1
1,30,8,-1
1,30,9,-1
1,30,10,-1
1,31,0,-1
1,31,1,-1
1,31,2,-1
1,31,3,-1
1,31,4,-1
1,31,5,-1
1,31,6,-1
1,31,7,-1
1,31,8,-1
1,31,9,-1
1,31,10,-1
1,32,0,-1
1,32,1,-1
1,32,2,-1
1,32,3,-1
1,32,4,-1
1,32,5,-1
1,32,6,-1
1,32,7,-1
1,32,8,-1
1,32,9,-1
1,32,10,-1
1,33,0,-1
1,33,1,-1
1,33,2,-1
1,33,3,-1
1,33,4,-1
1,33,5,-1
1,33,6,-1
1,33,7,-1
1,33,8,-1
1,33,9,-1
1,33,10,-1
1,34,0,-1
1,34,1,-1
1,34,2,-1
1,34,3,-1
1,34,4,-1
1,34,5,-1
1,34,6,-1
1,34,7,-1
1,34,8,-1
1,34,9,-1
1,34,10,-1
1,35,0,-1
1,35,1,-1
1,35,2,-1
1,35,3,-1
1,35,4,-1
1,35,5,-1
1,35,6,-1
1,35,7,-1
1,35,8,-1
1,35,9,-1
1,35,10,-1
1,36,0,-1
1,36,1,-1
1,36,2,-1
1,36,3,-1
1,36,4,-1
1,36,5,-1
1,36,6,-1
1,36,7,-1
1,36,8,-1
1,36,9,-1
1,36,10,-1
1,37,0,-1
1,37,1,-1
1,37,2,-1
1,37,3,-1
1,37,4,-1
1,37,5,-1
1,37,6,-1
1,37,7,-1
1,37,8,-1
1,37,9,-1
1,37,10,-1
1,38,0,-1
1,38,1,-1
1,38,2,-1
1,38,3,-1
1,38,4,-1
1,38,5,-1
1,38,6,-1
1,38,7,-1
1,38,8,-1
1,38,9,-1
1,38,10,-1
1,39,0,-1
1,39,1,-1
1,39,2,-1
1,39,3,-1
1,39,4,-1
1,39,5,-1
1,39,6,-1
1,39,7,-1
1,39,8,-1
1,39,9,-1
1,39,10,-1
2,0,0,-1
2,0,1,-1
2,0,2,-1
2,0,3,-1
2,0,4,-1
2,0,5,-1
2,0,6,-1
2,0,7,-1
2,0,8,-1
2,0,9,-1
2,0,10,-1
2,1,0,-1
2,1,1,-1
2,1,2,-1
2,1,3,-1
2,1,4,-1
2,1,5,-1
2,1,6,-1
2,1,7,-1
2,1,8,-1
2,1,9,-1
2,1,10,-1
2,2,0,-1
2,2,1,-1
2,2,2,-1
2,2,3,-1
2,2,4,-1
2,2,5,-1
2,2,6,-1
2,2,7,-1
2,2,8,-1
2,2,9,-1
2,2,10,-1
2,3,0,-1
2,3,1,-1
2,3,2,-1
2,3,3,-1
2,3,4,-1
2,3,5,-1
2,3,6,-1
2,3,7,-1
2,3,8,-1
2,3,9,-1
2,3,10,-1
2,4,0,-1
2,4,1,-1
2,4,2,-1
2,4,3,-1
2,4,4,-1
2,4,5,-1
2,4,6,-1
2,4,7,-1
2,4,8,-1
2,4,9,-1
2,4,10,-1
2,5,0,-1
2,5,1,-1
2,5,2,-1
2,5,3,6
2,5,4,13
2,5,5,10
2,5,6,-1
2,5,7,-1
2,5,8,-1
2,5,9,-1
2,5,10,-1
2,6,0,-1
2,6,1,-1
2,6,2,-1
2,6,3,6
2,6,4,13
2,6,5,10
2,6,6,-1
2,6,7,-1
2,6,8,-1
2,6,9,-1
2,6,10,-1
2,7,0,-1
2,7,1,-1
2,7,2,-1
2,7,3,6
2,7,4,13
2,7,5,10
2,7,6,-1
2,7,7,-1
2,7,8,-1
2,7,9,-1
2,7,10,-1
2,8,0,-1
2,8,1,-1
2,8,2,-1
2,8,3,6
2,8,4,13
2,8,5,10
2,8,6,-1
2,8,7,-1
2,8,8,-1
2,8,9,-1
2,8,10,-1
2,9,0,-1
2,9,1,-1
2,9,2,-1
2,9,3,6
2,9,4,13
2,9,5,10
2,9,6,-1
2,9,7,-1
2,9,8,-1
2,9,9,-1
2,9,10,-1
2,10,0,-1
2,10,1,-1
2,10,2,-1
2,10,3,6
2,10,4,13
2,10,5,10
2,10,6,-1
2,10,7,-1
2,10,8,-1
2,10,9,-1
2,10,10,-1
2,11,0,-1
2,11,1,-1
2,11,2,-1
2,11,3,6
2,11,4,13
2,11,5,10
2,11,6,-1
2,11,7,-1
2,11,8,-1
2,11,9,-1
2,11,10,-1
2,12,0,-1
2,12,1,-1
2,12,2,-1
2,12,3,6
2,12,4,3
2,12,5,-1
2,12,6,-1
2,12,7,-1
2,12,8,-1
2,12,9,-1
2,12,10,-1
2,13,0,-1
2,13,1,-1
2,13,2,-1
2,13,3,6
2,13,4,3
2,13,5,-1
2,13,6,-1
2,13,7,-1
2,13,8,-1
2,13,9,-1
2,13,10,-1
2,14,0,-1
2,14,1,-1
2,14,2,-1
2,14,3,6
2,14,4,3
2,14,5,-1
2,14,6,-1
2,14,7,-1
2,14,8,-1
2,14,9,-1
2,14,10,-1
2,15,0,-1
2,15,1,-1
2,15,2,-1
2,15,3,15
2,15,4,3
2,15,5,-1
2,15,6,-1
2,15,7,-1
2,15,8,-1
2,15,9,-1
2,15,10,-1
2,16,0,-1
2,16,1,-1
2,16,2,-1
2,16,3,15
2,16,4,3
2,16,5,-1
2,16,6,-1
2,16,7,-1
2,16,8,-1
2,16,9,-1
2,16,10,-1
2,17,0,-1
2,17,1,-1
2,17,2,-1
2,17,3,15
2,17,4,3
2,17,5,-1
2,17,6,-1
2,17,7,-1
2,17,8,-1
2,17,9,-1
2,17,10,-1
2,18,0,-1
2,18,1,-1
2,18,2,-1
2,18,3,20
2,18,4,3
2,18,5,-1
2,18,6,-1
2,18,7,-1
2,18,8,-1
2,18,9,-1
2,18,10,-1
2,19,0,-1
2,19,1,-1
2,19,2,-1
2,19,3,20
2,19,4,3
2,19,5,-1
2,19,6,-1
2,19,7,-1
2,19,8,-1
2,19,9,-1
2,19,10,-1
2,20,0,-1
2,20,1,-1
2,20,2,-1
2,20,3,20
2,20,4,-1
2,20,5,-1
2,20,6,-1
2,20,7,-1
2,20,8,-1
2,20,9,-1
2,20,10,-1
2,21,0,-1
2,21,1,-1
2,21,2,-1
2,21,3,-1
2,21,4,-1
2,21,5,-1
2,21,6,-1
2,21,7,-1
2,21,8,-1
2,21,9,-1
2,21,10,-1
2,22,0,-1
2,22,1,-1
2,22,2,-1
2,22,3,-1
2,22,4,-1
2,22,5,-1
2,22,6,-1
2,22,7,-1
2,22,8,-1
2,22,9,-1
2,22,10,-1
2,23,0,-1
2,23,1,-1
2,23,2,-1
2,23,3,-1
2,23,4,-1
2,23,5,-1
2,23,6,-1
2,23,7,-1
2,23,8,-1
2,23,9,-1
2,23,10,-1
2,24,0,-1
2,24,1,-1
2,24,2,-1
2,24,3,-1
2,24,4,-1
2,24,5,-1
2,24,6,-1
2,24,7,-1
2,24,8,-1
2,24,9,-1
2,24,10,-1
2,25,0,-1
2,25,1,-1
2,25,2,-1
2,25,3,-1
2,25,4,-1
2,25,5,-1
2,25,6,-1
2,25,7,-1
2,25,8,-1
2,25,9,-1
2,25,10,-1
2,26,0,-1
2,26,1,-1
2,26,2,-1
2,26,3,-1
2,26,4,-1
2,26,5,-1
2,26,6,-1
2,26,7,-1
2,26,8,-1
2,26,9,-1
2,26,10,-1
2,27,0,-1
2,27,1,-1
2,27,2,-1
2,27,3,-1
2,27,4,-1
2,27,5,-1
2,27,6,-1
2,27,7,-1
2,27,8,-1
2,27,9,-1
2,27,10,-1
2,28,0,-1
2,28,1,-1
2,28,2,-1
2,28,3,-1
2,28,4,-1
2,28,5,-1
2,28,6,-1
2,28,7,-1
2,28,8,-1
2,28,9,-1
2,28,10,-1
2,29,0,-1
2,29,1,-1
2,29,2,-1
2,29,3,-1
2,29,4,-1
2,29,5,-1
2,29,6,-1
2,29,7,-1
2,29,8,-1
2,29,9,-1
2,29,10,-1
2,30,0,-1
2,30,1,-1
2,30,2,-1
2,30,3,-1
2,30,4,-1
2,30,5,-1
2,30,6,-1
2,30,7,-1
2,30,8,-1
2,30,9,-1
2,30,10,-1
2,31,0,-1
2,31,1,-1
2,31,2,-1
2,31,3,-1
2,31,4,-1
2,31,5,-1
2,31,6,-1
2,31,7,-1
2,31,8,-1
2,31,9,-1
2,31,10,-1
2,32,0,-1
2,32,1,-1
2,32,2,-1
2,32,3,-1
2,32,4,-1
2,32,5,-1
2,32,6,-1
2,32,7,-1
2,32,8,-1
2,32,9,-1
2,32,10,-1
2,33,0,-1
2,33,1,-1
2,33,2,-1
2,33,3,-1
2,33,4,-1
2,33,5,-1
2,33,6,-1
2,33,7,-1
2,33,8,-1
2,33,9,-1
2,33,10,-1
2,34,0,-1
2,34,1,-1
2,34,2,-1
2,34,3,-1
2,34,4,-1
2,34,5,-1
2,34,6,-1
2,34,7,-1
2,34,8,-1
2,34,9,-1
2,34,10,-1
2,35,0,-1
2,35,1,-1
2,35,2,-1
2,35,3,-1
2,35,4,-1
2,35,5,-1
2,35,6,-1
2,35,7,-1
2,35,8,-1
2,35,9,-1
2,35,10,-1
2,36,0,-1
2,36,1,-1
2,36,2,-1
2,36,3,-1
2,36,4,-1
2,36,5,-1
2,36,6,-1
2,36,7,-1
2,36,8,-1
2,36,9,-1
2,36,10,-1
2,37,0,-1
2,37,1,-1
2,37,2,-1
2,37,3,-1
2,37,4,-1
2,37,5,-1
2,37,6,-1
2,37,7,-1
2,37,8,-1
2,37,9,-1
2,37,10,-1
2,38,0,-1
2,38,1,-1
2,38,2,-1
2,38,3,-1
2,38,4,-1
2,38,5,-1
2,38,6,-1
2,38,7,-1
2,38,8,-1
2,38,9,-1
2,38,10,-1
2,39,0,-1
2,39,1,-1
2,39,2,-1
2,39,3,-1
2,39,4,-1
2,39,5,-1
2,39,6,-1
2,39,7,-1
2,39,8,-1
2,39,9,-1
2,39,10,-1
3,0,0,-1
3,0,1,-1
3,0,2,-1
3,0,3,-1
3,0,4,-1
3,0,5,-1
3,0,6,-1
3,0,7,-1
3,0,8,-1
3,0,9,-1
3,0,10,-1
3,1,0,-1
3,1,1,-1
3,1,2,-1
3,1,3,-1
3,1,4,-1
3,1,5,-1
3,1,6,-1
3,1,7,-1
3,1,8,-1
3,1,9,-1
3,1,10,-1
3,2,0,-1
3,2,1,-1
3,2,2,-1
3,2,3,-1
3,2,4,-1
3,2,5,-1
3,2,6,-1
3,2,7,-1
3,2,8,-1
3,2,9,-1
3,2,10,-1
3,3,0,-1
3,3,1,-1
3,3,2,-1
3,3,3,-1
3,3,4,-1
3,3,5,-1
3,3,6,-1
3,3,7,-1
3,3,8,-1
3,3,9,-1
3,3,10,-1
3,4,0,-1
3,4,1,-1
3,4,2,-1
3,4,3,-1
3,4,4,-1
3,4,5,-1
3,4,6,-1
3,4,7,-1
3,4,8,-1
3,4,9,-1
3,4,10,-1
3,5,0,-1
3,5,1,-1
3,5,2,-1
3,5,3,7
3,5,4,11
3,5,5,10
3,5,6,-1
3,5,7,-1
3,5,8,-1
3,5,9,-1
3,5,10,-1
3,6,0,-1
3,6,1,-1
3,6,2,-1
3,6,3,6
3,6,4,13
3,6,5,10
3,6,6,-1
3,6,7,-1
3,6,8,-1
3,6,9,-1
3,6,10,-1
3,7,0,-1
3,7,1,-1
3,7,2,-1
3,7,3,12
3,7,4,13
3,7,5,10
3,7,6,-1
3,7,7,-1
3,7,8,-1
3,7,9,-1
3,7,10,-1
3,8,0,-1
3,8,1,-1
3,8,2,-1
3,8,3,12
3,8,4,13
3,8,5,10
3,8,6,-1
3,8,7,-1
3,8,8,-1
3,8,9,-1
3,8,10,-1
3,9,0,-1
3,9,1,-1
3,9,2,-1
3,9,3,12
3,9,4,13
3,9,5,10
3,9,6,-1
3,9,7,-1
3,9,8,-1
3,9,9,-1
3,9,10,-1
3,10,0,-1
3,10,1,-1
3,10,2,-1
3,10,3,6
3,10,4,13
3,10,5,10
3,10,6,-1
3,10,7,-1
3,10,8,-1
3,10,9,-1
3,10,10,-1
3,11,0,-1
3,11,1,-1
3,11,2,-1
3,11,3,6
3,11,4,13
3,11,5,10
3,11,6,-1
3,11,7,-1
3,11,8,-1
3,11,9,-1
3,11,10,-1
3,12,0,-1
3,12,1,-1
3,12,2,-1
3,12,3,6
3,12,4,3
3,12,5,-1
3,12,6,-1
3,12,7,-1
3,12,8,-1
3,12,9,-1
3,12,10,-1
3,13,0,-1
3,13,1,-1
3,13,2,-1
3,13,3,6
3,13,4,3
3,13,5,-1
3,13,6,-1
3,13,7,-1
3,13,8,-1
3,13,9,-1
3,13,10,-1
3,14,0,-1
3,14,1,-1
3,14,2,-1
3,14,3,6
3,14,4,3
3,14,5,-1
3,14,6,-1
3,14,7,-1
3,14,8,-1
3,14,9,-1
3,14,10,-1
3,15,0,-1
3,15,1,-1
3,15,2,-1
3,15,3,15
3,15,4,3
3,15,5,-1
3,15,6,-1
3,15,7,-1
3,15,8,-1
3,15,9,-1
3,15,10,-1
3,16,0,-1
3,16,1,-1
3,16,2,-1
3,16,3,15
3,16,4,3
3,16,5,-1
3,16,6,-1
3,16,7,-1
3,16,8,-1
3,16,9,-1
3,16,10,-1
3,17,0,-1
3,17,1,-1
3,17,2,-1
3,17,3,15
3,17,4,3
3,17,5,-1
3,17,6,-1
3,17,7,-1
3,17,8,-1
3,17,9,-1
3,17,10,-1
3,18,0,-1
3,18,1,-1
3,18,2,-1
3,18,3,20
3,18,4,3
3,18,5,-1
3,18,6,-1
3,18,7,-1
3,18,8,-1
3,18,9,-1
3,18,10,-1
3,19,0,-1
3,19,1,-1
3,19,2,-1
3,19,3,20
3,19,4,3
3,19,5,-1
3,19,6,-1
3,19,7,-1
3,19,8,-1
3,19,9,-1
3,19,10,-1
3,20,0,-1
3,20,1,-1
3,20,2,-1
3,20,3,20
3,20,4,3
3,20,5,-1
3,20,6,-1
3,20,7,-1
3,20,8,-1
3,20,9,-1
3,20,10,-1
3,21,0,-1
3,21,1,-1
3,21,2,-1
3,21,3,20
3,21,4,-1
3,21,5,-1
3,21,6,-1
3,21,7,-1
3,21,8,-1
3,21,9,-1
3,21,10,-1
3,22,0,-1
3,22,1,-1
3,22,2,-1
3,22,3,3
3,22,4,-1
3,22,5,-1
3,22,6,-1
3,22,7,-1
3,22,8,-1
3,22,9,-1
3,22,10,-1
3,23,0,-1
3,23,1,-1
3,23,2,-1
3,23,3,3
3,23,4,-1
3,23,5,-1
3,23,6,-1
3,23,7,-1
3,23,8,-1
3,23,9,-1
3,23,10,-1
3,24,0,-1
3,24,1,-1
3,24,2,-1
3,24,3,9
3,24,4,-1
3,24,5,-1
3,24,6,-1
3,24,7,-1
3,24,8,-1
3,24,9,-1
3,24,10,-1
3,25,0,-1
3,25,1,-1
3,25,2,-1
3,25,3,-1
3,25,4,-1
3,25,5,-1
3,25,6,-1
3,25,7,-1
3,25,8,-1
3,25,9,-1
3,25,10,-1
3,26,0,-1
3,26,1,-1
3,26,2,-1
3,26,3,-1
3,26,4,-1
3,26,5,-1
3,26,6,-1
3,26,7,-1
3,26,8,-1
3,26,9,-1
3,26,10,-1
3,27,0,-1
3,27,1,-1
3,27,2,-1
3,27,3,-1
3,27,4,-1
3,27,5,-1
3,27,6,-1
3,27,7,-1
3,27,8,-1
3,27,9,-1
3,27,10,-1
3,28,0,-1
3,28,1,-1
3,28,2,-1
3,28,3,-1
3,28,4,-1
3,28,5,-1
3,28,6,-1
3,28,7,-1
3,28,8,-1
3,28,9,-1
3,28,10,-1
3,29,0,-1
3,29,1,-1
3,29,2,-1
3,29,3,-1
3,29,4,-1
3,29,5,-1
3,29,6,-1
3,29,7,-1
3,29,8,-1
3,29,9,-1
3,29,10,-1
3,30,0,-1
3,30,1,-1
3,30,2,-1
3,30,3,-1
3,30,4,-1
3,30,5,-1
3,30,6,-1
3,30,7,-1
3,30,8,-1
3,30,9,-1
3,30,10,-1
3,31,0,-1
3,31,1,-1
3,31,2,-1
3,31,3,-1
3,31,4,-1
3,31,5,-1
3,31,6,-1
3,31,7,-1
3,31,8,-1
3,31,9,-1
3,31,10,-1
3,32,0,-1
3,32,1,-1
3,32,2,-1
3,32,3,-1
3,32,4,-1
3,32,5,-1
3,32,6,-1
3,32,7,-1
3,32,8,-1
3,32,9,-1
3,32,10,-1
3,33,0,-1
3,33,1,-1
3,33,2,-1
3,33,3,-1
3,33,4,-1
3,33,5,-1
3,33,6,-1
3,33,7,-1
3,33,8,-1
3,33,9,-1
3,33,10,-1
3,34,0,-1
3,34,1,-1
3,34,2,-1
3,34,3,-1
3,34,4,-1
3,34,5,-1
3,34,6,-1
3,34,7,-1
3,34,8,-1
3,34,9,-1
3,34,10,-1
3,35,0,-1
3,35,1,-1
3,35,2,-1
3,35,3,-1
3,35,4,-1
3,35,5,-1
3,35,6,-1
3,35,7,-1
3,35,8,-1
3,35,9,-1
3,35,10,-1
3,36,0,-1
3,36,1,-1
3,36,2,-1
3,36,3,-1
3,36,4,-1
3,36,5,-1
3,36,6,-1
3,36,7,-1
3,36,8,-1
3,36,9,-1
3,36,10,-1
3,37,0,-1
3,37,1,-1
3,37,2,-1
3,37,3,-1
3,37,4,-1
3,37,5,-1
3,37,6,-1
3,37,7,-1
3,37,8,-1
3,37,9,-1
3,37,10,-1
3,38,0,-1
3,38,1,-1
3,38,2,-1
3,38,3,-1
3,38,4,-1
3,38,5,-1
3,38,6,-1
3,38,7,-1
3,38,8,-1
3,38,9,-1
3,38,10,-1
3,39,0,-1
3,39,1,-1
3,39,2,-1
3,39,3,-1
3,39,4,-1
3,39,5,-1
3,39,6,-1
3,39,7,-1
3,39,8,-1
3,39,9,-1
3,39,10,-1
4,0,0,-1
4,0,1,-1
4,0,2,-1
4,0,3,-1
4,0,4,-1
4,0,5,-1
4,0,6,-1
4,0,7,-1
4,0,8,-1
4,0,9,-1
4,0,10,-1
4,1,0,-1
4,1,1,-1
4,1,2,-1
4,1,3,-1
4,1,4,-1
4,1,5,-1
4,1,6,-1
4,1,7,-1
4,1,8,-1
4,1,9,-1
4,1,10,-1
4,2,0,-1
4,2,1,-1
4,2,2,-1
4,2,3,-1
4,2,4,-1
4,2,5,-1
4,2,6,-1
4,2,7,-1
4,2,8,-1
4,2,9,-1
4,2,10,-1
4,3,0,-1
4,3,1,-1
4,3,2,-1
4,3,3,-1
4,3,4,-1
4,3,5,-1
4,3,6,-1
4,3,7,-1
4,3,8,-1
4,3,9,-1
4,3,10,-1
4,4,0,-1
4,4,1,-1
4,4,2,-1
4,4,3,-1
4,4,4,-1
4,4,5,-1
4,4,6,-1
4,4,7,-1
4,4,8,-1
4,4,9,-1
4,4,10,-1
4,5,0,-1
4,5,1,-1
4,5,2,-1
4,5,3,0
4,5,4,19
4,5,5,10
4,5,6,-1
4,5,7,-1
4,5,8,-1
4,5,9,-1
4,5,10,-1
4,6,0,-1
4,6,1,-1
4,6,2,-1
4,6,3,17
4,6,4,11
4,6,5,10
4,6,6,-1
4,6,7,-1
4,6,8,-1
4,6,9,-1
4,6,10,-1
4,7,0,-1
4,7,1,-1
4,7,2,-1
4,7,3,12
4,7,4,13
4,7,5,10
4,7,6,-1
4,7,7,-1
4,7,8,-1
4,7,9,-1
4,7,10,-1
4,8,0,-1
4,8,1,-1
4,8,2,-1
4,8,3,12
4,8,4,13
4,8,5,10
4,8,6,-1
4,8,7,-1
4,8,8,-1
4,8,9,-1
4,8,10,-1
4,9,0,-1
4,9,1,-1
4,9,2,-1
4,9,3,12
4,9,4,13
4,9,5,10
4,9,6,-1
4,9,7,-1
4,9,8,-1
4,9,9,-1
4,9,10,-1
4,10,0,-1
4,10,1,-1
4,10,2,-1
4,10,3,6
4,10,4,13
4,10,5,10
4,10,6,-1
4,10,7,-1
4,10,8,-1
4,10,9,-1
4,10,10,-1
4,11,0,-1
4,11,1,-1
4,11,2,-1
4,11,3,6
4,11,4,13
4,11,5,10
4,11,6,-1
4,11,7,-1
4,11,8,-1
4,11,9,-1
4,11,10,-1
4,12,0,-1
4,12,1,-1
4,12,2,-1
4,12,3,6
4,12,4,3
4,12,5,-1
4,12,6,-1
4,12,7,-1
4,12,8,-1
4,12,9,-1
4,12,10,-1
4,13,0,-1
4,13,1,-1
4,13,2,-1
4,13,3,6
4,13,4,3
4,13,5,-1
4,13,6,-1
4,13,7,-1
4,13,8,-1
4,13,9,-1
4,13,10,-1
4,14,0,-1
4,14,1,-1
4,14,2,-1
4,14,3,15
4,14,4,3
4,14,5,-1
4,14,6,-1
4,14,7,-1
4,14,8,-1
4,14,9,-1
4,14,10,-1
4,15,0,-1
4,15,1,-1
4,15,2,-1
4,15,3,15
4,15,4,3
4,15,5,-1
4,15,6,-1
4,15,7,-1
4,15,8,-1
4,15,9,-1
4,15,10,-1
4,16,0,-1
4,16,1,-1
4,16,2,-1
4,16,3,15
4,16,4,3
4,16,5,-1
4,16,6,-1
4,16,7,-1
4,16,8,-1
4,16,9,-1
4,16,10,-1
4,17,0,-1
4,17,1,-1
4,17,2,-1
4,17,3,15
4,17,4,3
4,17,5,-1
4,17,6,-1
4,17,7,-1
4,17,8,-1
4,17,9,-1
4,17,10,-1
4,18,0,-1
4,18,1,-1
4,18,2,-1
4,18,3,15
4,18,4,3
4,18,5,-1
4,18,6,-1
4,18,7,-1
4,18,8,-1
4,18,9,-1
4,18,10,-1
4,19,0,-1
4,19,1,-1
4,19,2,-1
4,19,3,20
4,19,4,3
4,19,5,-1
4,19,6,-1
4,19,7,-1
4,19,8,-1
4,19,9,-1
4,19,10,-1
4,20,0,-1
4,20,1,-1
4,20,2,-1
4,20,3,20
4,20,4,3
4,20,5,-1
4,20,6,-1
4,20,7,-1
4,20,8,-1
4,20,9,-1
4,20,10,-1
4,21,0,-1
4,21,1,-1
4,21,2,-1
4,21,3,20
4,21,4,3
4,21,5,-1
4,21,6,-1
4,21,7,-1
4,21,8,-1
4,21,9,-1
4,21,10,-1
4,22,0,-1
4,22,1,-1
4,22,2,-1
4,22,3,20
4,22,4,3
4,22,5,-1
4,22,6,-1
4,22,7,-1
4,22,8,-1
4,22,9,-1
4,22,10,-1
4,23,0,-1
4,23,1,-1
4,23,2,-1
4,23,3,9
4,23,4,9
4,23,5,-1
4,23,6,-1
4,23,7,-1
4,23,8,-1
4,23,9,-1
4,23,10,-1
4,24,0,-1
4,24,1,-1
4,24,2,-1
4,24,3,9
4,24,4,-1
4,24,5,-1
4,24,6,-1
4,24,7,-1
4,24,8,-1
4,24,9,-1
4,24,10,-1
4,25,0,-1
4,25,1,-1
4,25,2,-1
4,25,3,9
4,25,4,-1
4,25,5,-1
4,25,6,-1
4,25,7,-1
4,25,8,-1
4,25,9,-1
4,25,10,-1
4,26,0,-1
4,26,1,-1
4,26,2,-1
4,26,3,-1
4,26,4,-1
4,26,5,-1
4,26,6,-1
4,26,7,-1
4,26,8,-1
4,26,9,-1
4,26,10,-1
4,27,0,-1
4,27,1,-1
4,27,2,-1
4,27,3,-1
4,27,4,-1
4,27,5,-1
4,27,6,-1
4,27,7,-1
4,27,8,-1
4,27,9,-1
4,27,10,-1
4,28,0,-1
4,28,1,-1
4,28,2,-1
4,28,3,-1
4,28,4,-1
4,28,5,-1
4,28,6,-1
4,28,7,-1
4,28,8,-1
4,28,9,-1
4,28,10,-1
4,29,0,-1
4,29,1,-1
4,29,2,-1
4,29,3,-1
4,29,4,-1
4,29,5,-1
4,29,6,-1
4,29,7,-1
4,29,8,-1
4,29,9,-1
4,29,10,-1
4,30,0,-1
4,30,1,-1
4,30,2,-1
4,30,3,-1
4,30,4,-1
4,30,5,-1
4,30,6,-1
4,30,7,-1
4,30,8,-1
4,30,9,-1
4,30,10,-1
4,31,0,-1
4,31,1,-1
4,31,2,-1
4,31,3,-1
4,31,4,-1
4,31,5,-1
4,31,6,-1
4,31,7,-1
4,31,8,-1
4,31,9,-1
4,31,10,-1
4,32,0,-1
4,32,1,-1
4,32,2,-1
4,32,3,-1
4,32,4,-1
4,32,5,-1
4,32,6,-1
4,32,7,-1
4,32,8,-1
4,32,9,-1
4,32,10,-1
4,33,0,-1
4,33,1,-1
4,33,2,-1
4,33,3,-1
4,33,4,-1
4,33,5,-1
4,33,6,-1
4,33,7,-1
4,33,8,-1
4,33,9,-1
4,33,10,-1
4,34,0,-1
4,34,1,-1
4,34,2,-1
4,34,3,-1
4,34,4,-1
4,34,5,-1
4,34,6,-1
4,34,7,-1
4,34,8,-1
4,34,9,-1
4,34,10,-1
4,35,0,-1
4,35,1,-1
4,35,2,-1
4,35,3,-1
4,35,4,-1
4,35,5,-1
4,35,6,-1
4,35,7,-1
4,35,8,-1
4,35,9,-1
4,35,10,-1
4,36,0,-1
4,36,1,-1
4,36,2,-1
4,36,3,-1
4,36,4,-1
4,36,5,-1
4,36,6,-1
4,36,7,-1
4,36,8,-1
4,36,9,-1
4,36,10,-1
4,37,0,-1
4,37,1,-1
4,37,2,-1
4,37,3,-1
4,37,4,-1
4,37,5,-1
4,37,6,-1
4,37,7,-1
4,37,8,-1
4,37,9,-1
4,37,10,-1
4,38,0,-1
4,38,1,-1
4,38,2,-1
4,38,3,-1
4,38,4,-1
4,38,5,-1
4,38,6,-1
4,38,7,-1
4,38,8,-1
4,38,9,-1
4,38,10,-1
4,39,0,-1
4,39,1,-1
4,39,2,-1
4,39,3,-1
4,39,4,-1
4,39,5,-1
4,39,6,-1
4,39,7,-1
4,39,8,-1
4,39,9,-1
4,39,10,-1
5,0,0,-1
5,0,1,-1
5,0,2,-1
5,0,3,-1
5,0,4,-1
5,0,5,-1
5,0,6,-1
5,0,7,-1
5,0,8,-1
5,0,9,-1
5,0,10,-1
5,1,0,-1
5,1,1,-1
5,1,2,-1
5,1,3,-1
5,1,4,-1
5,1,5,-1
5,1,6,-1
5,1,7,-1
5,1,8,-1
5,1,9,-1
5,1,10,-1
5,2,0,-1
5,2,1,-1
5,2,2,-1
5,2,3,-1
5,2,4,-1
5,2,5,-1
5,2,6,-1
5,2,7,-1
5,2,8,-1
5,2,9,-1
5,2,10,-1
5,3,0,-1
5,3,1,-1
5,3,2,-1
5,3,3,-1
5,3,4,-1
5,3,5,-1
5,3,6,-1
5,3,7,-1
5,3,8,-1
5,3,9,-1
5,3,10,-1
5,4,0,-1
5,4,1,-1
5,4,2,-1
5,4,3,-1
5,4,4,-1
5,4,5,-1
5,4,6,-1
5,4,7,-1
5,4,8,-1
5,4,9,-1
5,4,10,-1
5,5,0,-1
5,5,1,-1
5,5,2,-1
5,5,3,2
5,5,4,1
5,5,5,8
5,5,6,-1
5,5,7,-1
5,5,8,-1
5,5,9,-1
5,5,10,-1
5,6,0,-1
5,6,1,-1
5,6,2,-1
5,6,3,2
5,6,4,17
5,6,5,10
5,6,6,-1
5,6,7,-1
5,6,8,-1
5,6,9,-1
5,6,10,-1
5,7,0,-1
5,7,1,-1
5,7,2,-1
5,7,3,12
5,7,4,17
5,7,5,10
5,7,6,-1
5,7,7,-1
5,7,8,-1
5,7,9,-1
5,7,10,-1
5,8,0,-1
5,8,1,-1
5,8,2,-1
5,8,3,12
5,8,4,13
5,8,5,10
5,8,6,-1
5,8,7,-1
5,8,8,-1
5,8,9,-1
5,8,10,-1
5,9,0,-1
5,9,1,-1
5,9,2,-1
5,9,3,12
5,9,4,13
5,9,5,10
5,9,6,-1
5,9,7,-1
5,9,8,-1
5,9,9,-1
5,9,10,-1
5,10,0,-1
5,10,1,-1
5,10,2,-1
5,10,3,12
5,10,4,13
5,10,5,10
5,10,6,-1
5,10,7,-1
5,10,8,-1
5,10,9,-1
5,10,10,-1
5,11,0,-1
5,11,1,-1
5,11,2,-1
5,11,3,6
5,11,4,13
5,11,5,10
5,11,6,-1
5,11,7,-1
5,11,8,-1
5,11,9,-1
5,11,10,-1
5,12,0,-1
5,12,1,-1
5,12,2,-1
5,12,3,6
5,12,4,3
5,12,5,-1
5,12,6,-1
5,12,7,-1
5,12,8,-1
5,12,9,-1
5,12,10,-1
5,13,0,-1
5,13,1,-1
5,13,2,-1
5,13,3,6
5,13,4,3
5,13,5,-1
5,13,6,-1
5,13,7,-1
5,13,8,-1
5,13,9,-1
5,13,10,-1
5,14,0,-1
5,14,1,-1
5,14,2,-1
5,14,3,15
5,14,4,3
5,14,5,-1
5,14,6,-1
5,14,7,-1
5,14,8,-1
5,14,9,-1
5,14,10,-1
5,15,0,-1
5,15,1,-1
5,15,2,-1
5,15,3,15
5,15,4,3
5,15,5,-1
5,15,6,-1
5,15,7,-1
5,15,8,-1
5,15,9,-1
5,15,10,-1
5,16,0,-1
5,16,1,-1
5,16,2,-1
5,16,3,15
5,16,4,3
5,16,5,-1
5,16,6,-1
5,16,7,-1
5,16,8,-1
5,16,9,-1
5,16,10,-1
5,17,0,-1
5,17,1,-1
5,17,2,-1
5,17,3,15
5,17,4,3
5,17,5,-1
5,17,6,-1
5,17,7,-1
5,17,8,-1
5,17,9,-1
5,17,10,-1
5,18,0,-1
5,18,1,-1
5,18,2,-1
5,18,3,15
5,18,4,3
5,18,5,-1
5,18,6,-1
5,18,7,-1
5,18,8,-1
5,18,9,-1
5,18,10,-1
5,19,0,-1
5,19,1,-1
5,19,2,-1
5,19,3,15
5,19,4,3
5,19,5,-1
5,19,6,-1
5,19,7,-1
5,19,8,-1
5,19,9,-1
5,19,10,-1
5,20,0,-1
5,20,1,-1
5,20,2,-1
5,20,3,15
5,20,4,3
5,20,5,-1
5,20,6,-1
5,20,7,-1
5,20,8,-1
5,20,9,-1
5,20,10,-1
5,21,0,-1
5,21,1,-1
5,21,2,-1
5,21,3,15
5,21,4,3
5,21,5,-1
5,21,6,-1
5,21,7,-1
5,21,8,-1
5,21,9,-1
5,21,10,-1
5,22,0,-1
5,22,1,-1
5,22,2,-1
5,22,3,20
5,22,4,3
5,22,5,-1
5,22,6,-1
5,22,7,-1
5,22,8,-1
5,22,9,-1
5,22,10,-1
5,23,0,-1
5,23,1,-1
5,23,2,-1
5,23,3,9
5,23,4,-1
5,23,5,-1
5,23,6,-1
5,23,7,-1
5,23,8,-1
5,23,9,-1
5,23,10,-1
5,24,0,-1
5,24,1,-1
5,24,2,-1
5,24,3,9
5,24,4,-1
5,24,5,-1
5,24,6,-1
5,24,7,-1
5,24,8,-1
5,24,9,-1
5,24,10,-1
5,25,0,-1
5,25,1,-1
5,25,2,-1
5,25,3,17
5,25,4,-1
5,25,5,-1
5,25,6,-1
5,25,7,-1
5,25,8,-1
5,25,9,-1
5,25,10,-1
5,26,0,-1
5,26,1,-1
5,26,2,-1
5,26,3,-1
5,26,4,-1
5,26,5,-1
5,26,6,-1
5,26,7,-1
5,26,8,-1
5,26,9,-1
5,26,10,-1
5,27,0,-1
5,27,1,-1
5,27,2,-1
5,27,3,-1
5,27,4,-1
5,27,5,-1
5,27,6,-1
5,27,7,-1
5,27,8,-1
5,27,9,-1
5,27,10,-1
5,28,0,-1
5,28,1,-1
5,28,2,-1
5,28,3,-1
5,28,4,-1
5,28,5,-1
5,28,6,-1
5,28,7,-1
5,28,8,-1
5,28,9,-1
5,28,10,-1
5,29,0,-1
5,29,1,-1
5,29,2,-1
5,29,3,-1
5,29,4,-1
5,29,5,-1
5,29,6,-1
5,29,7,-1
5,29,8,-1
5,29,9,-1
5,29,10,-1
5,30,0,-1
5,30,1,-1
5,30,2,-1
5,30,3,-1
5,30,4,-1
5,30,5,-1
5,30,6,-1
5,30,7,-1
5,30,8,-1
5,30,9,-1
5,30,10,-1
5,31,0,-1
5,31,1,-1
5,31,2,-1
5,31,3,-1
5,31,4,-1
5,31,5,-1
5,31,6,-1
5,31,7,-1
5,31,8,-1
5,31,9,-1
5,31,10,-1
5,32,0,-1
5,32,1,-1
5,32,2,-1
5,32,3,-1
5,32,4,-1
5,32,5,-1
5,32,6,-1
5,32,7,-1
5,32,8,-1
5,32,9,-1
5,32,10,-1
5,33,0,-1
5,33,1,-1
5,33,2,-1
5,33,3,-1
5,33,4,-1
5,33,5,-1
5,33,6,-1
5,33,7,-1
5,33,8,-1
5,33,9,-1
5,33,10,-1
5,34,0,-1
5,34,1,-1
5,34,2,-1
5,34,3,-1
5,34,4,-1
5,34,5,-1
5,34,6,-1
5,34,7,-1
5,34,8,-1
5,34,9,-1
5,34,10,-1
5,35,0,-1
5,35,1,-1
5,35,2,-1
5,35,3,-1
5,35,4,-1
5,35,5,-1
5,35,6,-1
5,35,7,-1
5,35,8,-1
5,35,9,-1
5,35,10,-1
5,36,0,-1
5,36,1,-1
5,36,2,-1
5,36,3,-1
5,36,4,-1
5,36,5,-1
5,36,6,-1
5,36,7,-1
5,36,8,-1
5,36,9,-1
5,36,10,-1
5,37,0,-1
5,37,1,-1
5,37,2,-1
5,37,3,-1
5,37,4,-1
5,37,5,-1
5,37,6,-1
5,37,7,-1
5,37,8,-1
5,37,9,-1
5,37,10,-1
5,38,0,-1
5,38,1,-1
5,38,2,-1
5,38,3,-1
5,38,4,-1
5,38,5,-1
5,38,6,-1
5,38,7,-1
5,38,8,-1
5,38,9,-1
5,38,10,-1
5,39,0,-1
5,39,1,-1
5,39,2,-1
5,39,3,-1
5,39,4,-1
5,39,5,-1
5,39,6,-1
5,39,7,-1
5,39,8,-1
5,39,9,-1
5,39,10,-1
6,0,0,-1
6,0,1,-1
6,0,2,-1
6,0,3,-1
6,0,4,-1
6,0,5,-1
6,0,6,-1
6,0,7,-1
6,0,8,-1
6,0,9,-1
6,0,10,-1
6,1,0,-1
6,1,1,-1
6,1,2,-1
6,1,3,-1
6,1,4,-1
6,1,5,-1
6,1,6,-1
6,1,7,-1
6,1,8,-1
6,1,9,-1
6,1,10,-1
6,2,0,-1
6,2,1,-1
6,2,2,-1
6,2,3,-1
6,2,4,-1
6,2,5,-1
6,2,6,-1
6,2,7,-1
6,2,8,-1
6,2,9,-1
6,2,10,-1
6,3,0,-1
6,3,1,-1
6,3,2,-1
6,3,3,-1
6,3,4,-1
6,3,5,-1
6,3,6,-1
6,3,7,-1
6,3,8,-1
6,3,9,-1
6,3,10,-1
6,4,0,-1
6,4,1,-1
6,4,2,-1
6,4,3,-1
6,4,4,17
6,4,5,10
6,4,6,-1
6,4,7,-1
6,4,8,-1
6,4,9,-1
6,4,10,-1
6,5,0,-1
6,5,1,-1
6,5,2,-1
6,5,3,2
6,5,4,17
6,5,5,10
6,5,6,-1
6,5,7,-1
6,5,8,-1
6,5,9,-1
6,5,10,-1
6,6,0,-1
6,6,1,-1
6,6,2,-1
6,6,3,2
6,6,4,17
6,6,5,10
6,6,6,-1
6,6,7,-1
6,6,8,-1
6,6,9,-1
6,6,10,-1
6,7,0,-1
6,7,1,-1
6,7,2,-1
6,7,3,12
6,7,4,17
6,7,5,10
6,7,6,-1
6,7,7,-1
6,7,8,-1
6,7,9,-1
6,7,10,-1
6,8,0,-1
6,8,1,-1
6,8,2,-1
6,8,3,12
6,8,4,13
6,8,5,10
6,8,6,-1
6,8,7,-1
6,8,8,-1
6,8,9,-1
6,8,10,-1
6,9,0,-1
6,9,1,-1
6,9,2,-1
6,9,3,12
6,9,4,13
6,9,5,10
6,9,6,-1
6,9,7,-1
6,9,8,-1
6,9,9,-1
6,9,10,-1
6,10,0,-1
6,10,1,-1
6,10,2,-1
6,10,3,12
6,10,4,13
6,10,5,10
6,10,6,-1
6,10,7,-1
6,10,8,-1
6,10,9,-1
6,10,10,-1
6,11,0,-1
6,11,1,-1
6,11,2,-1
6,11,3,6
6,11,4,13
6,11,5,10
6,11,6,-1
6,11,7,-1
6,11,8,-1
6,11,9,-1
6,11,10,-1
6,12,0,-1
6,12,1,-1
6,12,2,-1
6,12,3,6
6,12,4,3
6,12,5,-1
6,12,6,-1
6,12,7,-1
6,12,8,-1
6,12,9,-1
6,12,10,-1
6,13,0,-1
6,13,1,-1
6,13,2,-1
6,13,3,15
6,13,4,3
6,13,5,-1
6,13,6,-1
6,13,7,-1
6,13,8,-1
6,13,9,-1
6,13,10,-1
6,14,0,-1
6,14,1,-1
6,14,2,-1
6,14,3,15
6,14,4,3
6,14,5,-1
6,14,6,-1
6,14,7,-1
6,14,8,-1
6,14,9,-1
6,14,10,-1
6,15,0,-1
6,15,1,-1
6,15,2,-1
6,15,3,15
6,15,4,3
6,15,5,-1
6,15,6,-1
6,15,7,-1
6,15,8,-1
6,15,9,-1
6,15,10,-1
6,16,0,-1
6,16,1,-1
6,16,2,-1
6,16,3,15
6,16,4,3
6,16,5,-1
6,16,6,-1
6,16,7,-1
6,16,8,-1
6,16,9,-1
6,16,10,-1
6,17,0,-1
6,17,1,-1
6,17,2,-1
6,17,3,15
6,17,4,3
6,17,5,-1
6,17,6,-1
6,17,7,-1
6,17,8,-1
6,17,9,-1
6,17,10,-1
6,18,0,-1
6,18,1,-1
6,18,2,-1
6,18,3,15
6,18,4,3
6,18,5,-1
6,18,6,-1
6,18,7,-1
6,18,8,-1
6,18,9,-1
6,18,10,-1
6,19,0,-1
6,19,1,-1
6,19,2,-1
6,19,3,15
6,19,4,3
6,19,5,-1
6,19,6,-1
6,19,7,-1
6,19,8,-1
6,19,9,-1
6,19,10,-1
6,20,0,-1
6,20,1,-1
6,20,2,-1
6,20,3,15
6,20,4,3
6,20,5,-1
6,20,6,-1
6,20,7,-1
6,20,8,-1
6,20,9,-1
6,20,10,-1
6,21,0,-1
6,21,1,-1
6,21,2,-1
6,21,3,15
6,21,4,3
6,21,5,-1
6,21,6,-1
6,21,7,-1
6,21,8,-1
6,21,9,-1
6,21,10,-1
6,22,0,-1
6,22,1,-1
6,22,2,-1
6,22,3,20
6,22,4,3
6,22,5,-1
6,22,6,-1
6,22,7,-1
6,22,8,-1
6,22,9,-1
6,22,10,-1
6,23,0,-1
6,23,1,-1
6,23,2,-1
6,23,3,7
6,23,4,-1
6,23,5,-1
6,23,6,-1
6,23,7,-1
6,23,8,-1
6,23,9,-1
6,23,10,-1
6,24,0,-1
6,24,1,-1
6,24,2,-1
6,24,3,0
6,24,4,-1
6,24,5,-1
6,24,6,-1
6,24,7,-1
6,24,8,-1
6,24,9,-1
6,24,10,-1
6,25,0,-1
6,25,1,-1
6,25,2,-1
6,25,3,6
6,25,4,-1
6,25,5,-1
6,25,6,-1
6,25,7,-1
6,25,8,-1
6,25,9,-1
6,25,10,-1
6,26,0,-1
6,26,1,-1
6,26,2,-1
6,26,3,-1
6,26,4,-1
6,26,5,-1
6,26,6,-1
6,26,7,-1
6,26,8,-1
6,26,9,-1
6,26,10,-1
6,27,0,-1
6,27,1,-1
6,27,2,-1
6,27,3,-1
6,27,4,-1
6,27,5,-1
6,27,6,-1
6,27,7,-1
6,27,8,-1
6,27,9,-1
6,27,10,-1
6,28,0,-1
6,28,1,-1
6,28,2,-1
6,28,3,-1
6,28,4,-1
6,28,5,-1
6,28,6,-1
6,28,7,-1
6,28,8,-1
6,28,9,-1
6,28,10,-1
6,29,0,-1
6,29,1,-1
6,29,2,-1
6,29,3,-1
6,29,4,-1
6,29,5,-1
6,29,6,-1
6,29,7,-1
6,29,8,-1
6,29,9,-1
6,29,10,-1
6,30,0,-1
6,30,1,-1
6,30,2,-1
6,30,3,-1
6,30,4,-1
6,30,5,-1
6,30,6,-1
6,30,7,-1
6,30,8,-1
6,30,9,-1
6,30,10,-1
6,31,0,-1
6,31,1,-1
6,31,2,-1
6,31,3,-1
6,31,4,-1
6,31,5,-1
6,31,6,-1
6,31,7,-1
6,31,8,-1
6,31,9,-1
6,31,10,-1
6,32,0,-1
6,32,1,-1
6,32,2,-1
6,32,3,-1
6,32,4,-1
6,32,5,-1
6,32,6,-1
6,32,7,-1
6,32,8,-1
6,32,9,-1
6,32,10,-1
6,33,0,-1
6,33,1,-1
6,33,2,-1
6,33,3,-1
6,33,4,-1
6,33,5,-1
6,33,6,-1
6,33,7,-1
6,33,8,-1
6,33,9,-1
6,33,10,-1
6,34,0,-1
6,34,1,-1
6,34,2,-1
6,34,3,-1
6,34,4,-1
6,34,5,-1
6,34,6,-1
6,34,7,-1
6,34,8,-1
6,34,9,-1
6,34,10,-1
6,35,0,-1
6,35,1,-1
6,35,2,-1
6,35,3,-1
6,35,4,-1
6,35,5,-1
6,35,6,-1
6,35,7,-1
6,35,8,-1
6,35,9,-1
6,35,10,-1
6,36,0,-1
6,36,1,-1
6,36,2,-1
6,36,3,-1
6,36,4,-1
6,36,5,-1
6,36,6,-1
6,36,7,-1
6,36,8,-1
6,36,9,-1
6,36,10,-1
6,37,0,-1
6,37,1,-1
6,37,2,-1
6,37,3,-1
6,37,4,-1
6,37,5,-1
6,37,6,-1
6,37,7,-1
6,37,8,-1
6,37,9,-1
6,37,10,-1
6,38,0,-1
6,38,1,-1
6,38,2,-1
6,38,3,-1
6,38,4,-1
6,38,5,-1
6,38,6,-1
6,38,7,-1
6,38,8,-1
6,38,9,-1
6,38,10,-1
6,39,0,-1
6,39,1,-1
6,39,2,-1
6,39,3,-1
6,39,4,-1
6,39,5,-1
6,39,6,-1
6,39,7,-1
6,39,8,-1
6,39,9,-1
6,39,10,-1
7,0,0,-1
7,0,1,-1
7,0,2,-1
7,0,3,-1
7,0,4,-1
7,0,5,-1
7,0,6,-1
7,0,7,-1
7,0,8,-1
7,0,9,-1
7,0,10,-1
7,1,0,-1
7,1,1,-1
7,1,2,-1
7,1,3,-1
7,1,4,-1
7,1,5,-1
7,1,6,-1
7,1,7,-1
7,1,8,-1
7,1,9,-1
7,1,10,-1
7,2,0,-1
7,2,1,-1
7,2,2,-1
7,2,3,-1
7,2,4,-1
7,2,5,-1
7,2,6,-1
7,2,7,-1
7,2,8,-1
7,2,9,-1
7,2,10,-1
7,3,0,-1
7,3,1,-1
7,3,2,-1
7,3,3,-1
7,3,4,-1
7,3,5,-1
7,3,6,-1
7,3,7,-1
7,3,8,-1
7,3,9,-1
7,3,10,-1
7,4,0,-1
7,4,1,-1
7,4,2,-1
7,4,3,-1
7,4,4,17
7,4,5,10
7,4,6,-1
7,4,7,-1
7,4,8,-1
7,4,9,-1
7,4,10,-1
7,5,0,-1
7,5,1,-1
7,5,2,-1
7,5,3,2
7,5,4,17
7,5,5,10
7,5,6,-1
7,5,7,-1
7,5,8,-1
7,5,9,-1
7,5,10,-1
7,6,0,-1
7,6,1,-1
7,6,2,-1
7,6,3,2
7,6,4,17
7,6,5,10
7,6,6,-1
7,6,7,-1
7,6,8,-1
7,6,9,-1
7,6,10,-1
7,7,0,-1
7,7,1,-1
7,7,2,-1
7,7,3,12
7,7,4,17
7,7,5,10
7,7,6,-1
7,7,7,-1
7,7,8,-1
7,7,9,-1
7,7,10,-1
7,8,0,-1
7,8,1,-1
7,8,2,-1
7,8,3,12
7,8,4,13
7,8,5,10
7,8,6,-1
7,8,7,-1
7,8,8,-1
7,8,9,-1
7,8,10,-1
7,9,0,-1
7,9,1,-1
7,9,2,-1
7,9,3,12
7,9,4,13
7,9,5,10
7,9,6,-1
7,9,7,-1
7,9,8,-1
7,9,9,-1
7,9,10,-1
7,10,0,-1
7,10,1,-1
7,10,2,-1
7,10,3,12
7,10,4,13
7,10,5,10
7,10,6,-1
7,10,7,-1
7,10,8,-1
7,10,9,-1
7,10,10,-1
7,11,0,-1
7,11,1,-1
7,11,2,-1
7,11,3,16
7,11,4,13
7,11,5,10
7,11,6,-1
7,11,7,-1
7,11,8,-1
7,11,9,-1
7,11,10,-1
7,12,0,-1
7,12,1,-1
7,12,2,-1
7,12,3,16
7,12,4,3
7,12,5,-1
7,12,6,-1
7,12,7,-1
7,12,8,-1
7,12,9,-1
7,12,10,-1
7,13,0,-1
7,13,1,-1
7,13,2,-1
7,13,3,16
7,13,4,3
7,13,5,-1
7,13,6,-1
7,13,7,-1
7,13,8,-1
7,13,9,-1
7,13,10,-1
7,14,0,-1
7,14,1,-1
7,14,2,-1
7,14,3,15
7,14,4,3
7,14,5,-1
7,14,6,-1
7,14,7,-1
7,14,8,-1
7,14,9,-1
7,14,10,-1
7,15,0,-1
7,15,1,-1
7,15,2,-1
7,15,3,15
7,15,4,3
7,15,5,-1
7,15,6,-1
7,15,7,-1
7,15,8,-1
7,15,9,-1
7,15,10,-1
7,16,0,-1
7,16,1,-1
7,16,2,-1
7,16,3,15
7,16,4,3
7,16,5,-1
7,16,6,-1
7,16,7,-1
7,16,8,-1
7,16,9,-1
7,16,10,-1
7,17,0,-1
7,17,1,-1
7,17,2,-1
7,17,3,15
7,17,4,3
7,17,5,-1
7,17,6,-1
7,17,7,-1
7,17,8,-1
7,17,9,-1
7,17,10,-1
7,18,0,-1
7,18,1,-1
7,18,2,-1
7,18,3,15
7,18,4,3
7,18,5,-1
7,18,6,-1
7,18,7,-1
7,18,8,-1
7,18,9,-1
7,18,10,-1
7,19,0,-1
7,19,1,-1
7,19,2,-1
7,19,3,15
7,19,4,3
7,19,5,-1
7,19,6,-1
7,19,7,-1
7,19,8,-1
7,19,9,-1
7,19,10,-1
7,20,0,-1
7,20,1,-1
7,20,2,-1
7,20,3,15
7,20,4,3
7,20,5,-1
7,20,6,-1
7,20,7,-1
7,20,8,-1
7,20,9,-1
7,20,10,-1
7,21,0,-1
7,21,1,-1
7,21,2,-1
7,21,3,15
7,21,4,3
7,21,5,-1
7,21,6,-1
7,21,7,-1
7,21,8,-1
7,21,9,-1
7,21,10,-1
7,22,0,-1
7,22,1,-1
7,22,2,-1
7,22,3,7
7,22,4,3
7,22,5,-1
7,22,6,-1
7,22,7,-1
7,22,8,-1
7,22,9,-1
7,22,10,-1
7,23,0,-1
7,23,1,-1
7,23,2,-1
7,23,3,7
7,23,4,-1
7,23,5,-1
7,23,6,-1
7,23,7,-1
7,23,8,-1
7,23,9,-1
7,23,10,-1
7,24,0,-1
7,24,1,-1
7,24,2,-1
7,24,3,10
7,24,4,-1
7,24,5,-1
7,24,6,-1
7,24,7,-1
7,24,8,-1
7,24,9,-1
7,24,10,-1
7,25,0,-1
7,25,1,-1
7,25,2,-1
7,25,3,3
7,25,4,-1
7,25,5,-1
7,25,6,-1
7,25,7,-1
7,25,8,-1
7,25,9,-1
7,25,10,-1
7,26,0,-1
7,26,1,-1
7,26,2,-1
7,26,3,-1
7,26,4,-1
7,26,5,-1
7,26,6,-1
7,26,7,-1
7,26,8,-1
7,26,9,-1
7,26,10,-1
7,27,0,-1
7,27,1,-1
7,27,2,-1
7,27,3,-1
7,27,4,-1
7,27,5,-1
7,27,6,-1
7,27,7,-1
7,27,8,-1
7,27,9,-1
7,27,10,-1
7,28,0,-1
7,28,1,-1
7,28,2,-1
7,28,3,-1
7,28,4,-1
7,28,5,-1
7,28,6,-1
7,28,7,-1
7,28,8,-1
7,28,9,-1
7,28,10,-1
7,29,0,-1
7,29,1,-1
7,29,2,-1
7,29,3,-1
7,29,4,-1
7,29,5,-1
7,29,6,-1
7,29,7,-1
7,29,8,-1
7,29,9,-1
7,29,10,-1
7,30,0,-1
7,30,1,-1
7,30,2,-1
7,30,3,-1
7,30,4,-1
7,30,5,-1
7,30,6,-1
7,30,7,-1
7,30,8,-1
7,30,9,-1
7,30,10,-1
7,31,0,-1
7,31,1,-1
7,31,2,-1
7,31,3,-1
7,31,4,-1
7,31,5,-1
7,31,6,-1
7,31,7,-1
7,31,8,-1
7,31,9,-1
7,31,10,-1
7,32,0,-1
7,32,1,-1
7,32,2,-1
7,32,3,-1
7,32,4,-1
7,32,5,-1
7,32,6,-1
7,32,7,-1
7,32,8,-1
7,32,9,-1
7,32,10,-1
7,33,0,-1
7,33,1,-1
7,33,2,-1
7,33,3,-1
7,33,4,-1
7,33,5,-1
7,33,6,-1
7,33,7,-1
7,33,8,-1
7,33,9,-1
7,33,10,-1
7,34,0,-1
7,34,1,-1
7,34,2,-1
7,34,3,-1
7,34,4,-1
7,34,5,-1
7,34,6,-1
7,34,7,-1
7,34,8,-1
7,34,9,-1
7,34,10,-1
7,35,0,-1
7,35,1,-1
7,35,2,-1
7,35,3,-1
7,35,4,-1
7,35,5,-1
7,35,6,-1
7,35,7,-1
7,35,8,-1
7,35,9,-1
7,35,10,-1
7,36,0,-1
7,36,1,-1
7,36,2,-1
7,36,3,-1
7,36,4,-1
7,36,5,-1
7,36,6,-1
7,36,7,-1
7,36,8,-1
7,36,9,-1
7,36,10,-1
7,37,0,-1
7,37,1,-1
7,37,2,-1
7,37,3,-1
7,37,4,-1
7,37,5,-1
7,37,6,-1
7,37,7,-1
7,37,8,-1
7,37,9,-1
7,37,10,-1
7,38,0,-1
7,38,1,-1
7,38,2,-1
7,38,3,-1
7,38,4,-1
7,38,5,-1
7,38,6,-1
7,38,7,-1
7,38,8,-1
7,38,9,-1
7,38,10,-1
7,39,0,-1
7,39,1,-1
7,39,2,-1
7,39,3,-1
7,39,4,-1
7,39,5,-1
7,39,6,-1
7,39,7,-1
7,39,8,-1
7,39,9,-1
7,39,10,-1
8,0,0,-1
8,0,1,-1
8,0,2,-1
8,0,3,-1
8,0,4,-1
8,0,5,-1
8,0,6,-1
8,0,7,-1
8,0,8,-1
8,0,9,-1
8,0,10,-1
8,1,0,-1
8,1,1,-1
8,1,2,-1
8,1,3,-1
8,1,4,-1
8,1,5,-1
8,1,6,-1
8,1,7,-1
8,1,8,-1
8,1,9,-1
8,1,10,-1
8,2,0,-1
8,2,1,-1
8,2,2,-1
8,2,3,-1
8,2,4,-1
8,2,5,-1
8,2,6,-1
8,2,7,-1
8,2,8,-1
8,2,9,-1
8,2,10,-1
8,3,0,-1
8,3,1,-1
8,3,2,-1
8,3,3,-1
8,3,4,-1
8,3,5,-1
8,3,6,-1
8,3,7,-1
8,3,8,-1
8,3,9,-1
8,3,10,-1
8,4,0,-1
8,4,1,-1
8,4,2,-1
8,4,3,-1
8,4,4,17
8,4,5,10
8,4,6,-1
8,4,7,-1
8,4,8,-1
8,4,9,-1
8,4,10,-1
8,5,0,-1
8,5,1,-1
8,5,2,-1
8,5,3,2
8,5,4,17
8,5,5,10
8,5,6,-1
8,5,7,-1
8,5,8,-1
8,5,9,-1
8,5,10,-1
8,6,0,-1
8,6,1,-1
8,6,2,-1
8,6,3,2
8,6,4,17
8,6,5,10
8,6,6,-1
8,6,7,-1
8,6,8,-1
8,6,9,-1
8,6,10,-1
8,7,0,-1
8,7,1,-1
8,7,2,-1
8,7,3,12
8,7,4,17
8,7,5,10
8,7,6,-1
8,7,7,-1
8,7,8,-1
8,7,9,-1
8,7,10,-1
8,8,0,-1
8,8,1,-1
8,8,2,-1
8,8,3,12
8,8,4,13
8,8,5,10
8,8,6,-1
8,8,7,-1
8,8,8,-1
8,8,9,-1
8,8,10,-1
8,9,0,-1
8,9,1,-1
8,9,2,-1
8,9,3,12
8,9,4,13
8,9,5,10
8,9,6,-1
8,9,7,-1
8,9,8,-1
8,9,9,-1
8,9,10,-1
8,10,0,-1
8,10,1,-1
8,10,2,-1
8,10,3,12
8,10,4,13
8,10,5,10
8,10,6,-1
8,10,7,-1
8,10,8,-1
8,10,9,-1
8,10,10,-1
8,11,0,-1
8,11,1,-1
8,11,2,-1
8,11,3,16
8,11,4,13
8,11,5,10
8,11,6,-1
8,11,7,-1
8,11,8,-1
8,11,9,-1
8,11,10,-1
8,12,0,-1
8,12,1,-1
8,12,2,-1
8,12,3,16
8,12,4,-1
8,12,5,-1
8,12,6,-1
8,12,7,-1
8,12,8,-1
8,12,9,-1
8,12,10,-1
8,13,0,-1
8,13,1,-1
8,13,2,-1
8,13,3,16
8,13,4,-1
8,13,5,-1
8,13,6,-1
8,13,7,-1
8,13,8,-1
8,13,9,-1
8,13,10,-1
8,14,0,-1
8,14,1,-1
8,14,2,-1
8,14,3,16
8,14,4,3
8,14,5,-1
8,14,6,-1
8,14,7,-1
8,14,8,-1
8,14,9,-1
8,14,10,-1
8,15,0,-1
8,15,1,-1
8,15,2,-1
8,15,3,16
8,15,4,3
8,15,5,-1
8,15,6,-1
8,15,7,-1
8,15,8,-1
8,15,9,-1
8,15,10,-1
8,16,0,-1
8,16,1,-1
8,16,2,-1
8,16,3,16
8,16,4,3
8,16,5,-1
8,16,6,-1
8,16,7,-1
8,16,8,-1
8,16,9,-1
8,16,10,-1
8,17,0,-1
8,17,1,-1
8,17,2,-1
8,17,3,16
8,17,4,3
8,17,5,-1
8,17,6,-1
8,17,7,-1
8,17,8,-1
8,17,9,-1
8,17,10,-1
8,18,0,-1
8,18,1,-1
8,18,2,-1
8,18,3,16
8,18,4,3
8,18,5,-1
8,18,6,-1
8,18,7,-1
8,18,8,-1
8,18,9,-1
8,18,10,-1
8,19,0,-1
8,19,1,-1
8,19,2,-1
8,19,3,16
8,19,4,3
8,19,5,-1
8,19,6,-1
8,19,7,-1
8,19,8,-1
8,19,9,-1
8,19,10,-1
8,20,0,-1
8,20,1,-1
8,20,2,-1
8,20,3,16
8,20,4,3
8,20,5,-1
8,20,6,-1
8,20,7,-1
8,20,8,-1
8,20,9,-1
8,20,10,-1
8,21,0,-1
8,21,1,-1
8,21,2,-1
8,21,3,16
8,21,4,3
8,21,5,-1
8,21,6,-1
8,21,7,-1
8,21,8,-1
8,21,9,-1
8,21,10,-1
8,22,0,-1
8,22,1,-1
8,22,2,-1
8,22,3,16
8,22,4,3
8,22,5,-1
8,22,6,-1
8,22,7,-1
8,22,8,-1
8,22,9,-1
8,22,10,-1
8,23,0,-1
8,23,1,-1
8,23,2,-1
8,23,3,16
8,23,4,-1
8,23,5,-1
8,23,6,-1
8,23,7,-1
8,23,8,-1
8,23,9,-1
8,23,10,-1
8,24,0,-1
8,24,1,-1
8,24,2,-1
8,24,3,7
8,24,4,-1
8,24,5,-1
8,24,6,-1
8,24,7,-1
8,24,8,-1
8,24,9,-1
8,24,10,-1
8,25,0,-1
8,25,1,-1
8,25,2,-1
8,25,3,1
8,25,4,-1
8,25,5,-1
8,25,6,-1
8,25,7,-1
8,25,8,-1
8,25,9,-1
8,25,10,-1
8,26,0,-1
8,26,1,-1
8,26,2,-1
8,26,3,-1
8,26,4,-1
8,26,5,-1
8,26,6,-1
8,26,7,-1
8,26,8,-1
8,26,9,-1
8,26,10,-1
8,27,0,-1
8,27,1,-1
8,27,2,-1
8,27,3,-1
8,27,4,-1
8,27,5,-1
8,27,6,-1
8,27,7,-1
8,27,8,-1
8,27,9,-1
8,27,10,-1
8,28,0,-1
8,28,1,-1
8,28,2,-1
8,28,3,-1
8,28,4,-1
8,28,5,-1
8,28,6,-1
8,28,7,-1
8,28,8,-1
8,28,9,-1
8,28,10,-1
8,29,0,-1
8,29,1,-1
8,29,2,-1
8,29,3,-1
8,29,4,-1
8,29,5,-1
8,29,6,-1
8,29,7,-1
8,29,8,-1
8,29,9,-1
8,29,10,-1
8,30,0,-1
8,30,1,-1
8,30,2,-1
8,30,3,-1
8,30,4,-1
8,30,5,-1
8,30,6,-1
8,30,7,-1
8,30,8,-1
8,30,9,-1
8,30,10,-1
8,31,0,-1
8,31,1,-1
8,31,2,-1
8,31,3,-1
8,31,4,-1
8,31,5,-1
8,31,6,-1
8,31,7,-1
8,31,8,-1
8,31,9,-1
8,31,10,-1
8,32,0,-1
8,32,1,-1
8,32,2,-1
8,32,3,-1
8,32,4,-1
8,32,5,-1
8,32,6,-1
8,32,7,-1
8,32,8,-1
8,32,9,-1
8,32,10,-1
8,33,0,-1
8,33,1,-1
8,33,2,-1
8,33,3,-1
8,33,4,-1
8,33,5,-1
8,33,6,-1
8,33,7,-1
8,33,8,-1
8,33,9,-1
8,33,10,-1
8,34,0,-1
8,34,1,-1
8,34,2,-1
8,34,3,-1
8,34,4,-1
8,34,5,-1
8,34,6,-1
8,34,7,-1
8,34,8,-1
8,34,9,-1
8,34,10,-1
8,35,0,-1
8,35,1,-1
8,35,2,-1
8,35,3,-1
8,35,4,-1
8,35,5,-1
8,35,6,-1
8,35,7,-1
8,35,8,-1
8,35,9,-1
8,35,10,-1
8,36,0,-1
8,36,1,-1
8,36,2,-1
8,36,3,-1
8,36,4,-1
8,36,5,-1
8,36,6,-1
8,36,7,-1
8,36,8,-1
8,36,9,-1
8,36,10,-1
8,37,0,-1
8,37,1,-1
8,37,2,-1
8,37,3,-1
8,37,4,-1
8,37,5,-1
8,37,6,-1
8,37,7,-1
8,37,8,-1
8,37,9,-1
8,37,10,-1
8,38,0,-1
8,38,1,-1
8,38,2,-1
8,38,3,-1
8,38,4,-1
8,38,5,-1
8,38,6,-1
8,38,7,-1
8,38,8,-1
8,38,9,-1
8,38,10,-1
8,39,0,-1
8,39,1,-1
8,39,2,-1
8,39,3,-1
8,39,4,-1
8,39,5,-1
8,39,6,-1
8,39,7,-1
8,39,8,-1
8,39,9,-1
8,39,10,-1
9,0,0,-1
9,0,1,-1
9,0,2,-1
9,0,3,-1
9,0,4,-1
9,0,5,-1
9,0,6,-1
9,0,7,-1
9,0,8,-1
9,0,9,-1
9,0,10,-1
9,1,0,-1
9,1,1,-1
9,1,2,-1
9,1,3,-1
9,1,4,-1
9,1,5,-1
9,1,6,-1
9,1,7,-1
9,1,8,-1
9,1,9,-1
9,1,10,-1
9,2,0,-1
9,2,1,-1
9,2,2,-1
9,2,3,-1
9,2,4,-1
9,2,5,-1
9,2,6,-1
9,2,7,-1
9,2,8,-1
9,2,9,-1
9,2,10,-1
9,3,0,-1
9,3,1,-1
9,3,2,-1
9,3,3,-1
9,3,4,-1
9,3,5,-1
9,3,6,-1
9,3,7,-1
9,3,8,-1
9,3,9,-1
9,3,10,-1
9,4,0,-1
9,4,1,-1
9,4,2,-1
9,4,3,2
9,4,4,17
9,4,5,10
9,4,6,-1
9,4,7,-1
9,4,8,-1
9,4,9,-1
9,4,10,-1
9,5,0,-1
9,5,1,-1
9,5,2,-1
9,5,3,2
9,5,4,17
9,5,5,10
9,5,6,-1
9,5,7,-1
9,5,8,-1
9,5,9,-1
9,5,10,-1
9,6,0,-1
9,6,1,-1
9,6,2,-1
9,6,3,2
9,6,4,17
9,6,5,10
9,6,6,-1
9,6,7,-1
9,6,8,-1
9,6,9,-1
9,6,10,-1
9,7,0,-1
9,7,1,-1
9,7,2,-1
9,7,3,12
9,7,4,17
9,7,5,10
9,7,6,-1
9,7,7,-1
9,7,8,-1
9,7,9,-1
9,7,10,-1
9,8,0,-1
9,8,1,-1
9,8,2,-1
9,8,3,12
9,8,4,13
9,8,5,10
9,8,6,-1
9,8,7,-1
9,8,8,-1
9,8,9,-1
9,8,10,-1
9,9,0,-1
9,9,1,-1
9,9,2,-1
9,9,3,12
9,9,4,13
9,9,5,10
9,9,6,-1
9,9,7,-1
9,9,8,-1
9,9,9,-1
9,9,10,-1
9,10,0,-1
9,10,1,-1
9,10,2,-1
9,10,3,12
9,10,4,13
9,10,5,10
9,10,6,-1
9,10,7,-1
9,10,8,-1
9,10,9,-1
9,10,10,-1
9,11,0,-1
9,11,1,-1
9,11,2,-1
9,11,3,16
9,11,4,13
9,11,5,-1
9,11,6,-1
9,11,7,-1
9,11,8,-1
9,11,9,-1
9,11,10,-1
9,12,0,-1
9,12,1,-1
9,12,2,-1
9,12,3,16
9,12,4,-1
9,12,5,-1
9,12,6,-1
9,12,7,-1
9,12,8,-1
9,12,9,-1
9,12,10,-1
9,13,0,-1
9,13,1,-1
9,13,2,-1
9,13,3,16
9,13,4,-1
9,13,5,-1
9,13,6,-1
9,13,7,-1
9,13,8,-1
9,13,9,-1
9,13,10,-1
9,14,0,-1
9,14,1,-1
9,14,2,-1
9,14,3,16
9,14,4,3
9,14,5,-1
9,14,6,-1
9,14,7,-1
9,14,8,-1
9,14,9,-1
9,14,10,-1
9,15,0,-1
9,15,1,-1
9,15,2,-1
9,15,3,16
9,15,4,3
9,15,5,-1
9,15,6,-1
9,15,7,-1
9,15,8,-1
9,15,9,-1
9,15,10,-1
9,16,0,-1
9,16,1,-1
9,16,2,-1
9,16,3,16
9,16,4,3
9,16,5,-1
9,16,6,-1
9,16,7,-1
9,16,8,-1
9,16,9,-1
9,16,10,-1
9,17,0,-1
9,17,1,-1
9,17,2,-1
9,17,3,16
9,17,4,3
9,17,5,-1
9,17,6,-1
9,17,7,-1
9,17,8,-1
9,17,9,-1
9,17,10,-1
9,18,0,-1
9,18,1,-1
9,18,2,-1
9,18,3,16
9,18,4,3
9,18,5,-1
9,18,6,-1
9,18,7,-1
9,18,8,-1
9,18,9,-1
9,18,10,-1
9,19,0,-1
9,19,1,-1
9,19,2,-1
9,19,3,16
9,19,4,-1
9,19,5,-1
9,19,6,-1
9,19,7,-1
9,19,8,-1
9,19,9,-1
9,19,10,-1
9,20,0,-1
9,20,1,-1
9,20,2,-1
9,20,3,16
9,20,4,-1
9,20,5,-1
9,20,6,-1
9,20,7,-1
9,20,8,-1
9,20,9,-1
9,20,10,-1
9,21,0,-1
9,21,1,-1
9,21,2,-1
9,21,3,16
9,21,4,-1
9,21,5,-1
9,21,6,-1
9,21,7,-1
9,21,8,-1
9,21,9,-1
9,21,10,-1
9,22,0,-1
9,22,1,-1
9,22,2,-1
9,22,3,16
9,22,4,-1
9,22,5,-1
9,22,6,-1
9,22,7,-1
9,22,8,-1
9,22,9,-1
9,22,10,-1
9,23,0,-1
9,23,1,-1
9,23,2,-1
9,23,3,8
9,23,4,-1
9,23,5,-1
9,23,6,-1
9,23,7,-1
9,23,8,-1
9,23,9,-1
9,23,10,-1
9,24,0,-1
9,24,1,-1
9,24,2,-1
9,24,3,8
9,24,4,-1
9,24,5,-1
9,24,6,-1
9,24,7,-1
9,24,8,-1
9,24,9,-1
9,24,10,-1
9,25,0,-1
9,25,1,-1
9,25,2,-1
9,25,3,8
9,25,4,-1
9,25,5,-1
9,25,6,-1
9,25,7,-1
9,25,8,-1
9,25,9,-1
9,25,10,-1
9,26,0,-1
9,26,1,-1
9,26,2,-1
9,26,3,-1
9,26,4,-1
9,26,5,-1
9,26,6,-1
9,26,7,-1
9,26,8,-1
9,26,9,-1
9,26,10,-1
9,27,0,-1
9,27,1,-1
9,27,2,-1
9,27,3,-1
9,27,4,-1
9,27,5,-1
9,27,6,-1
9,27,7,-1
9,27,8,-1
9,27,9,-1
9,27,10,-1
9,28,0,-1
9,28,1,-1
9,28,2,-1
9,28,3,-1
9,28,4,-1
9,28,5,-1
9,28,6,-1
9,28,7,-1
9,28,8,-1
9,28,9,-1
9,28,10,-1
9,29,0,-1
9,29,1,-1
9,29,2,-1
9,29,3,-1
9,29,4,-1
9,29,5,-1
9,29,6,-1
9,29,7,-1
9,29,8,-1
9,29,9,-1
9,29,10,-1
9,30,0,-1
9,30,1,-1
9,30,2,-1
9,30,3,-1
9,30,4,-1
9,30,5,-1
9,30,6,-1
9,30,7,-1
9,30,8,-1
9,30,9,-1
9,30,10,-1
9,31,0,-1
9,31,1,-1
9,31,2,-1
9,31,3,-1
9,31,4,-1
9,31,5,-1
9,31,6,-1
9,31,7,-1
9,31,8,-1
9,31,9,-1
9,31,10,-1
9,32,0,-1
9,32,1,-1
9,32,2,-1
9,32,3,-1
9,32,4,-1
9,32,5,-1
9,32,6,-1
9,32,7,-1
9,32,8,-1
9,32,9,-1
9,32,10,-1
9,33,0,-1
9,33,1,-1
9,33,2,-1
9,33,3,-1
9,33,4,-1
9,33,5,-1
9,33,6,-1
9,33,7,-1
9,33,8,-1
9,33,9,-1
9,33,10,-1
9,34,0,-1
9,34,1,-1
9,34,2,-1
9,34,3,-1
9,34,4,-1
9,34,5,-1
9,34,6,-1
9,34,7,-1
9,34,8,-1
9,34,9,-1
9,34,10,-1
9,35,0,-1
9,35,1,-1
9,35,2,-1
9,35,3,-1
9,35,4,-1
9,35,5,-1
9,35,6,-1
9,35,7,-1
9,35,8,-1
9,35,9,-1
9,35,10,-1
9,36,0,-1
9,36,1,-1
9,36,2,-1
9,36,3,-1
9,36,4,-1
9,36,5,-1
9,36,6,-1
9,36,7,-1
9,36,8,-1
9,36,9,-1
9,36,10,-1
9,37,0,-1
9,37,1,-1
9,37,2,-1
9,37,3,-1
9,37,4,-1
9,37,5,-1
9,37,6,-1
9,37,7,-1
9,37,8,-1
9,37,9,-1
9,37,10,-1
9,38,0,-1
9,38,1,-1
9,38,2,-1
9,38,3,-1
9,38,4,-1
9,38,5,-1
9,38,6,-1
9,38,7,-1
9,38,8,-1
9,38,9,-1
9,38,10,-1
9,39,0,-1
9,39,1,-1
9,39,2,-1
9,39,3,-1
9,39,4,-1
9,39,5,-1
9,39,6,-1
9,39,7,-1
9,39,8,-1
9,39,9,-1
9,39,10,-1
10,0,0,-1
10,0,1,-1
10,0,2,-1
10,0,3,-1
10,0,4,-1
10,0,5,-1
10,0,6,-1
10,0,7,-1
10,0,8,-1
10,0,9,-1
10,0,10,-1
10,1,0,-1
10,1,1,-1
10,1,2,-1
10,1,3,-1
10,1,4,-1
10,1,5,-1
10,1,6,-1
10,1,7,-1
10,1,8,-1
10,1,9,-1
10,1,10,-1
10,2,0,-1
10,2,1,-1
10,2,2,-1
10,2,3,-1
10,2,4,-1
10,2,5,-1
10,2,6,-1
10,2,7,-1
10,2,8,-1
10,2,9,-1
10,2,10,-1
10,3,0,-1
10,3,1,-1
10,3,2,-1
10,3,3,-1
10,3,4,17
10,3,5,10
10,3,6,-1
10,3,7,-1
10,3,8,-1
10,3,9,-1
10,3,10,-1
10,4,0,-1
10,4,1,-1
10,4,2,-1
10,4,3,2
10,4,4,17
10,4,5,10
10,4,6,-1
10,4,7,-1
10,4,8,-1
10,4,9,-1
10,4,10,-1
10,5,0,-1
10,5,1,-1
10,5,2,-1
10,5,3,2
10,5,4,17
10,5,5,10
10,5,6,-1
10,5,7,-1
10,5,8,-1
10,5,9,-1
10,5,10,-1
10,6,0,-1
10,6,1,-1
10,6,2,-1
10,6,3,2
10,6,4,17
10,6,5,10
10,6,6,-1
10,6,7,-1
10,6,8,-1
10,6,9,-1
10,6,10,-1
10,7,0,-1
10,7,1,-1
10,7,2,-1
10,7,3,12
10,7,4,17
10,7,5,10
10,7,6,-1
10,7,7,-1
10,7,8,-1
10,7,9,-1
10,7,10,-1
10,8,0,-1
10,8,1,-1
10,8,2,-1
10,8,3,12
10,8,4,13
10,8,5,10
10,8,6,-1
10,8,7,-1
10,8,8,-1
10,8,9,-1
10,8,10,-1
10,9,0,-1
10,9,1,-1
10,9,2,-1
10,9,3,12
10,9,4,13
10,9,5,10
10,9,6,-1
10,9,7,-1
10,9,8,-1
10,9,9,-1
10,9,10,-1
10,10,0,-1
10,10,1,-1
10,10,2,-1
10,10,3,12
10,10,4,13
10,10,5,10
10,10,6,-1
10,10,7,-1
10,10,8,-1
10,10,9,-1
10,10,10,-1
10,11,0,-1
10,11,1,-1
10,11,2,-1
10,11,3,16
10,11,4,13
10,11,5,-1
10,11,6,-1
10,11,7,-1
10,11,8,-1
10,11,9,-1
10,11,10,-1
10,12,0,-1
10,12,1,-1
10,12,2,-1
10,12,3,16
10,12,4,-1
10,12,5,-1
10,12,6,-1
10,12,7,-1
10,12,8,-1
10,12,9,-1
10,12,10,-1
10,13,0,-1
10,13,1,-1
10,13,2,-1
10,13,3,16
10,13,4,-1
10,13,5,-1
10,13,6,-1
10,13,7,-1
10,13,8,-1
10,13,9,-1
10,13,10,-1
10,14,0,-1
10,14,1,-1
10,14,2,-1
10,14,3,16
10,14,4,3
10,14,5,-1
10,14,6,-1
10,14,7,-1
10,14,8,-1
10,14,9,-1
10,14,10,-1
10,15,0,-1
10,15,1,-1
10,15,2,-1
10,15,3,16
10,15,4,3
10,15,5,-1
10,15,6,-1
10,15,7,-1
10,15,8,-1
10,15,9,-1
10,15,10,-1
10,16,0,-1
10,16,1,-1
10,16,2,-1
10,16,3,16
10,16,4,3
10,16,5,-1
10,16,6,-1
10,16,7,-1
10,16,8,-1
10,16,9,-1
10,16,10,-1
10,17,0,-1
10,17,1,-1
10,17,2,-1
10,17,3,16
10,17,4,3
10,17,5,-1
10,17,6,-1
10,17,7,-1
10,17,8,-1
10,17,9,-1
10,17,10,-1
10,18,0,-1
10,18,1,-1
10,18,2,-1
10,18,3,16
10,18,4,-1
10,18,5,-1
10,18,6,-1
10,18,7,-1
10,18,8,-1
10,18,9,-1
10,18,10,-1
10,19,0,-1
10,19,1,-1
10,19,2,-1
10,19,3,16
10,19,4,-1
10,19,5,-1
10,19,6,-1
10,19,7,-1
10,19,8,-1
10,19,9,-1
10,19,10,-1
10,20,0,-1
10,20,1,-1
10,20,2,-1
10,20,3,16
10,20,4,-1
10,20,5,-1
10,20,6,-1
10,20,7,-1
10,20,8,-1
10,20,9,-1
10,20,10,-1
10,21,0,-1
10,21,1,-1
10,21,2,-1
10,21,3,16
10,21,4,-1
10,21,5,-1
10,21,6,-1
10,21,7,-1
10,21,8,-1
10,21,9,-1
10,21,10,-1
10,22,0,-1
10,22,1,-1
10,22,2,-1
10,22,3,8
10,22,4,-1
10,22,5,-1
10,22,6,-1
10,22,7,-1
10,22,8,-1
10,22,9,-1
10,22,10,-1
10,23,0,-1
10,23,1,-1
10,23,2,-1
10,23,3,8
10,23,4,-1
10,23,5,-1
10,23,6,-1
10,23,7,-1
10,23,8,-1
10,23,9,-1
10,23,10,-1
10,24,0,-1
10,24,1,-1
10,24,2,-1
10,24,3,8
10,24,4,-1
10,24,5,-1
10,24,6,-1
10,24,7,-1
10,24,8,-1
10,24,9,-1
10,24,10,-1
10,25,0,-1
10,25,1,-1
10,25,2,-1
10,25,3,8
10,25,4,-1
10,25,5,-1
10,25,6,-1
10,25,7,-1
10,25,8,-1
10,25,9,-1
10,25,10,-1
10,26,0,-1
10,26,1,-1
10,26,2,-1
10,26,3,-1
10,26,4,-1
10,26,5,-1
10,26,6,-1
10,26,7,-1
10,26,8,-1
10,26,9,-1
10,26,10,-1
10,27,0,-1
10,27,1,-1
10,27,2,-1
10,27,3,-1
10,27,4,-1
10,27,5,-1
10,27,6,-1
10,27,7,-1
10,27,8,-1
10,27,9,-1
10,27,10,-1
10,28,0,-1
10,28,1,-1
10,28,2,-1
10,28,3,-1
10,28,4,-1
10,28,5,-1
10,28,6,-1
10,28,7,-1
10,28,8,-1
10,28,9,-1
10,28,10,-1
10,29,0,-1
10,29,1,-1
10,29,2,-1
10,29,3,-1
10,29,4,-1
10,29,5,-1
10,29,6,-1
10,29,7,-1
10,29,8,-1
10,29,9,-1
10,29,10,-1
10,30,0,-1
10,30,1,-1
10,30,2,-1
10,30,3,-1
10,30,4,-1
10,30,5,-1
10,30,6,-1
10,30,7,-1
10,30,8,-1
10,30,9,-1
10,30,10,-1
10,31,0,-1
10,31,1,-1
10,31,2,-1
10,31,3,-1
10,31,4,-1
10,31,5,-1
10,31,6,-1
10,31,7,-1
10,31,8,-1
10,31,9,-1
10,31,10,-1
10,32,0,-1
10,32,1,-1
10,32,2,-1
10,32,3,-1
10,32,4,-1
10,32,5,-1
10,32,6,-1
10,32,7,-1
10,32,8,-1
10,32,9,-1
10,32,10,-1
10,33,0,-1
10,33,1,-1
10,33,2,-1
10,33,3,-1
10,33,4,-1
10,33,5,-1
10,33,6,-1
10,33,7,-1
10,33,8,-1
10,33,9,-1
10,33,10,-1
10,34,0,-1
10,34,1,-1
10,34,2,-1
10,34,3,-1
10,34,4,-1
10,34,5,-1
10,34,6,-1
10,34,7,-1
10,34,8,-1
10,34,9,-1
10,34,10,-1
10,35,0,-1
10,35,1,-1
10,35,2,-1
10,35,3,-1
10,35,4,-1
10,35,5,-1
10,35,6,-1
10,35,7,-1
10,35,8,-1
10,35,9,-1
10,35,10,-1
10,36,0,-1
10,36,1,-1
10,36,2,-1
10,36,3,-1
10,36,4,-1
10,36,5,-1
10,36,6,-1
10,36,7,-1
10,36,8,-1
10,36,9,-1
10,36,10,-1
10,37,0,-1
10,37,1,-1
10,37,2,-1
10,37,3,-1
10,37,4,-1
10,37,5,-1
10,37,6,-1
10,37,7,-1
10,37,8,-1
10,37,9,-1
10,37,10,-1
10,38,0,-1
10,38,1,-1
10,38,2,-1
10,38,3,-1
10,38,4,-1
10,38,5,-1
10,38,6,-1
10,38,7,-1
10,38,8,-1
10,38,9,-1
10,38,10,-1
10,39,0,-1
10,39,1,-1
10,39,2,-1
10,39,3,-1
10,39,4,-1
10,39,5,-1
10,39,6,-1
10,39,7,-1
10,39,8,-1
10,39,9,-1
10,39,10,-1
11,0,0,-1
11,0,1,-1
11,0,2,-1
11,0,3,-1
11,0,4,-1
11,0,5,-1
11,0,6,-1
11,0,7,-1
11,0,8,-1
11,0,9,-1
11,0,10,-1
11,1,0,-1
11,1,1,-1
11,1,2,-1
11,1,3,-1
11,1,4,-1
11,1,5,-1
11,1,6,-1
11,1,7,-1
11,1,8,-1
11,1,9,-1
11,1,10,-1
11,2,0,-1
11,2,1,-1
11,2,2,-1
11,2,3,2
11,2,4,17
11,2,5,-1
11,2,6,-1
11,2,7,-1
11,2,8,-1
11,2,9,-1
11,2,10,-1
11,3,0,-1
11,3,1,-1
11,3,2,-1
11,3,3,2
11,3,4,17
11,3,5,10
11,3,6,-1
11,3,7,-1
11,3,8,-1
11,3,9,-1
11,3,10,-1
11,4,0,-1
11,4,1,-1
11,4,2,-1
11,4,3,2
11,4,4,17
11,4,5,10
11,4,6,-1
11,4,7,-1
11,4,8,-1
11,4,9,-1
11,4,10,-1
11,5,0,-1
11,5,1,-1
11,5,2,-1
11,5,3,2
11,5,4,17
11,5,5,10
11,5,6,-1
11,5,7,-1
11,5,8,-1
11,5,9,-1
11,5,10,-1
11,6,0,-1
11,6,1,-1
11,6,2,-1
11,6,3,2
11,6,4,17
11,6,5,-1
11,6,6,-1
11,6,7,-1
11,6,8,-1
11,6,9,-1
11,6,10,-1
11,7,0,-1
11,7,1,-1
11,7,2,-1
11,7,3,12
11,7,4,17
11,7,5,-1
11,7,6,-1
11,7,7,-1
11,7,8,-1
11,7,9,-1
11,7,10,-1
11,8,0,-1
11,8,1,-1
11,8,2,-1
11,8,3,12
11,8,4,6
11,8,5,-1
11,8,6,-1
11,8,7,-1
11,8,8,-1
11,8,9,-1
11,8,10,-1
11,9,0,-1
11,9,1,-1
11,9,2,-1
11,9,3,12
11,9,4,6
11,9,5,-1
11,9,6,-1
11,9,7,-1
11,9,8,-1
11,9,9,-1
11,9,10,-1
11,10,0,-1
11,10,1,-1
11,10,2,-1
11,10,3,12
11,10,4,-1
11,10,5,-1
11,10,6,-1
11,10,7,-1
11,10,8,-1
11,10,9,-1
11,10,10,-1
11,11,0,-1
11,11,1,-1
11,11,2,-1
11,11,3,2
11,11,4,-1
11,11,5,-1
11,11,6,-1
11,11,7,-1
11,11,8,-1
11,11,9,-1
11,11,10,-1
11,12,0,-1
11,12,1,-1
11,12,2,-1
11,12,3,2
11,12,4,-1
11,12,5,-1
11,12,6,-1
11,12,7,-1
11,12,8,-1
11,12,9,-1
11,12,10,-1
11,13,0,-1
11,13,1,-1
11,13,2,-1
11,13,3,2
11,13,4,-1
11,13,5,-1
11,13,6,-1
11,13,7,-1
11,13,8,-1
11,13,9,-1
11,13,10,-1
11,14,0,-1
11,14,1,-1
11,14,2,-1
11,14,3,8
11,14,4,3
11,14,5,-1
11,14,6,-1
11,14,7,-1
11,14,8,-1
11,14,9,-1
11,14,10,-1
11,15,0,-1
11,15,1,-1
11,15,2,-1
11,15,3,8
11,15,4,3
11,15,5,-1
11,15,6,-1
11,15,7,-1
11,15,8,-1
11,15,9,-1
11,15,10,-1
11,16,0,-1
11,16,1,-1
11,16,2,-1
11,16,3,8
11,16,4,3
11,16,5,-1
11,16,6,-1
11,16,7,-1
11,16,8,-1
11,16,9,-1
11,16,10,-1
11,17,0,-1
11,17,1,-1
11,17,2,-1
11,17,3,8
11,17,4,3
11,17,5,-1
11,17,6,-1
11,17,7,-1
11,17,8,-1
11,17,9,-1
11,17,10,-1
11,18,0,-1
11,18,1,-1
11,18,2,-1
11,18,3,8
11,18,4,-1
11,18,5,-1
11,18,6,-1
11,18,7,-1
11,18,8,-1
11,18,9,-1
11,18,10,-1
11,19,0,-1
11,19,1,-1
11,19,2,-1
11,19,3,8
11,19,4,-1
11,19,5,-1
11,19,6,-1
11,19,7,-1
11,19,8,-1
11,19,9,-1
11,19,10,-1
11,20,0,-1
11,20,1,-1
11,20,2,-1
11,20,3,8
11,20,4,-1
11,20,5,-1
11,20,6,-1
11,20,7,-1
11,20,8,-1
11,20,9,-1
11,20,10,-1
11,21,0,-1
11,21,1,-1
11,21,2,-1
11,21,3,8
11,21,4,-1
11,21,5,-1
11,21,6,-1
11,21,7,-1
11,21,8,-1
11,21,9,-1
11,21,10,-1
11,22,0,-1
11,22,1,-1
11,22,2,-1
11,22,3,8
11,22,4,-1
11,22,5,-1
11,22,6,-1
11,22,7,-1
11,22,8,-1
11,22,9,-1
11,22,10,-1
11,23,0,-1
11,23,1,-1
11,23,2,-1
11,23,3,8
11,23,4,-1
11,23,5,-1
11,23,6,-1
11,23,7,-1
11,23,8,-1
11,23,9,-1
11,23,10,-1
11,24,0,-1
11,24,1,-1
11,24,2,-1
11,24,3,8
11,24,4,-1
11,24,5,-1
11,24,6,-1
11,24,7,-1
11,24,8,-1
11,24,9,-1
11,24,10,-1
11,25,0,-1
11,25,1,-1
11,25,2,-1
11,25,3,8
11,25,4,-1
11,25,5,-1
11,25,6,-1
11,25,7,-1
11,25,8,-1
11,25,9,-1
11,25,10,-1
11,26,0,-1
11,26,1,-1
11,26,2,-1
11,26,3,-1
11,26,4,-1
11,26,5,-1
11,26,6,-1
11,26,7,-1
11,26,8,-1
11,26,9,-1
11,26,10,-1
11,27,0,-1
11,27,1,-1
11,27,2,-1
11,27,3,-1
11,27,4,-1
11,27,5,-1
11,27,6,-1
11,27,7,-1
11,27,8,-1
11,27,9,-1
11,27,10,-1
11,28,0,-1
11,28,1,-1
11,28,2,-1
11,28,3,-1
11,28,4,-1
11,28,5,-1
11,28,6,-1
11,28,7,-1
11,28,8,-1
11,28,9,-1
11,28,10,-1
11,29,0,-1
11,29,1,-1
11,29,2,-1
11,29,3,-1
11,29,4,-1
11,29,5,-1
11,29,6,-1
11,29,7,-1
11,29,8,-1
11,29,9,-1
11,29,10,-1
11,30,0,-1
11,30,1,-1
11,30,2,-1
11,30,3,-1
11,30,4,-1
11,30,5,-1
11,30,6,-1
11,30,7,-1
11,30,8,-1
11,30,9,-1
11,30,10,-1
11,31,0,-1
11,31,1,-1
11,31,2,-1
11,31,3,-1
11,31,4,-1
11,31,5,-1
11,31,6,-1
11,31,7,-1
11,31,8,-1
11,31,9,-1
11,31,10,-1
11,32,0,-1
11,32,1,-1
11,32,2,-1
11,32,3,-1
11,32,4,-1
11,32,5,-1
11,32,6,-1
11,32,7,-1
11,32,8,-1
11,32,9,-1
11,32,10,-1
11,33,0,-1
11,33,1,-1
11,33,2,-1
11,33,3,-1
11,33,4,-1
11,33,5,-1
11,33,6,-1
11,33,7,-1
11,33,8,-1
11,33,9,-1
11,33,10,-1
11,34,0,-1
11,34,1,-1
11,34,2,-1
11,34,3,-1
11,34,4,-1
11,34,5,-1
11,34,6,-1
11,34,7,-1
11,34,8,-1
11,34,9,-1
11,34,10,-1
11,35,0,-1
11,35,1,-1
11,35,2,-1
11,35,3,-1
11,35,4,-1
11,35,5,-1
11,35,6,-1
11,35,7,-1
11,35,8,-1
11,35,9,-1
11,35,10,-1
11,36,0,-1
11,36,1,-1
11,36,2,-1
11,36,3,-1
11,36,4,-1
11,36,5,-1
11,36,6,-1
11,36,7,-1
11,36,8,-1
11,36,9,-1
11,36,10,-1
11,37,0,-1
11,37,1,-1
11,37,2,-1
11,37,3,-1
11,37,4,-1
11,37,5,-1
11,37,6,-1
11,37,7,-1
11,37,8,-1
11,37,9,-1
11,37,10,-1
11,38,0,-1
11,38,1,-1
11,38,2,-1
11,38,3,-1
11,38,4,-1
11,38,5,-1
11,38,6,-1
11,38,7,-1
11,38,8,-1
11,38,9,-1
11,38,10,-1
11,39,0,-1
11,39,1,-1
11,39,2,-1
11,39,3,-1
11,39,4,-1
11,39,5,-1
11,39,6,-1
11,39,7,-1
11,39,8,-1
11,39,9,-1
11,39,10,-1
12,0,0,-1
12,0,1,-1
12,0,2,-1
12,0,3,-1
12,0,4,-1
12,0,5,-1
12,0,6,-1
12,0,7,-1
12,0,8,-1
12,0,9,-1
12,0,10,-1
12,1,0,-1
12,1,1,-1
12,1,2,-1
12,1,3,-1
12,1,4,-1
12,1,5,-1
12,1,6,-1
12,1,7,-1
12,1,8,-1
12,1,9,-1
12,1,10,-1
12,2,0,-1
12,2,1,-1
12,2,2,-1
12,2,3,2
12,2,4,17
12,2,5,-1
12,2,6,-1
12,2,7,-1
12,2,8,-1
12,2,9,-1
12,2,10,-1
12,3,0,-1
12,3,1,-1
12,3,2,-1
12,3,3,2
12,3,4,17
12,3,5,-1
12,3,6,-1
12,3,7,-1
12,3,8,-1
12,3,9,-1
12,3,10,-1
12,4,0,-1
12,4,1,-1
12,4,2,-1
12,4,3,2
12,4,4,17
12,4,5,-1
12,4,6,-1
12,4,7,-1
12,4,8,-1
12,4,9,-1
12,4,10,-1
12,5,0,-1
12,5,1,-1
12,5,2,-1
12,5,3,2
12,5,4,17
12,5,5,-1
12,5,6,-1
12,5,7,-1
12,5,8,-1
12,5,9,-1
12,5,10,-1
12,6,0,-1
12,6,1,-1
12,6,2,-1
12,6,3,12
12,6,4,17
12,6,5,-1
12,6,6,-1
12,6,7,-1
12,6,8,-1
12,6,9,-1
12,6,10,-1
12,7,0,-1
12,7,1,-1
12,7,2,-1
12,7,3,12
12,7,4,17
12,7,5,-1
12,7,6,-1
12,7,7,-1
12,7,8,-1
12,7,9,-1
12,7,10,-1
12,8,0,-1
12,8,1,-1
12,8,2,-1
12,8,3,12
12,8,4,6
12,8,5,-1
12,8,6,-1
12,8,7,-1
12,8,8,-1
12,8,9,-1
12,8,10,-1
12,9,0,-1
12,9,1,-1
12,9,2,-1
12,9,3,12
12,9,4,6
12,9,5,-1
12,9,6,-1
12,9,7,-1
12,9,8,-1
12,9,9,-1
12,9,10,-1
12,10,0,-1
12,10,1,-1
12,10,2,-1
12,10,3,12
12,10,4,-1
12,10,5,-1
12,10,6,-1
12,10,7,-1
12,10,8,-1
12,10,9,-1
12,10,10,-1
12,11,0,-1
12,11,1,-1
12,11,2,-1
12,11,3,2
12,11,4,-1
12,11,5,-1
12,11,6,-1
12,11,7,-1
12,11,8,-1
12,11,9,-1
12,11,10,-1
12,12,0,-1
12,12,1,-1
12,12,2,-1
12,12,3,2
12,12,4,-1
12,12,5,-1
12,12,6,-1
12,12,7,-1
12,12,8,-1
12,12,9,-1
12,12,10,-1
12,13,0,-1
12,13,1,-1
12,13,2,-1
12,13,3,2
12,13,4,-1
12,13,5,-1
12,13,6,-1
12,13,7,-1
12,13,8,-1
12,13,9,-1
12,13,10,-1
12,14,0,-1
12,14,1,-1
12,14,2,-1
12,14,3,8
12,14,4,3
12,14,5,-1
12,14,6,-1
12,14,7,-1
12,14,8,-1
12,14,9,-1
12,14,10,-1
12,15,0,-1
12,15,1,-1
12,15,2,-1
12,15,3,8
12,15,4,3
12,15,5,-1
12,15,6,-1
12,15,7,-1
12,15,8,-1
12,15,9,-1
12,15,10,-1
12,16,0,-1
12,16,1,-1
12,16,2,-1
12,16,3,8
12,16,4,3
12,16,5,-1
12,16,6,-1
12,16,7,-1
12,16,8,-1
12,16,9,-1
12,16,10,-1
12,17,0,-1
12,17,1,-1
12,17,2,-1
12,17,3,8
12,17,4,3
12,17,5,-1
12,17,6,-1
12,17,7,-1
12,17,8,-1
12,17,9,-1
12,17,10,-1
12,18,0,-1
12,18,1,-1
12,18,2,-1
12,18,3,8
12,18,4,-1
12,18,5,-1
12,18,6,-1
12,18,7,-1
12,18,8,-1
12,18,9,-1
12,18,10,-1
12,19,0,-1
12,19,1,-1
12,19,2,-1
12,19,3,8
12,19,4,-1
12,19,5,-1
12,19,6,-1
12,19,7,-1
12,19,8,-1
12,19,9,-1
12,19,10,-1
12,20,0,-1
12,20,1,-1
12,20,2,-1
12,20,3,8
12,20,4,-1
12,20,5,-1
12,20,6,-1
12,20,7,-1
12,20,8,-1
12,20,9,-1
12,20,10,-1
12,21,0,-1
12,21,1,-1
12,21,2,-1
12,21,3,8
12,21,4,-1
12,21,5,-1
12,21,6,-1
12,21,7,-1
12,21,8,-1
12,21,9,-1
12,21,10,-1
12,22,0,-1
12,22,1,-1
12,22,2,-1
12,22,3,8
12,22,4,-1
12,22,5,-1
12,22,6,-1
12,22,7,-1
12,22,8,-1
12,22,9,-1
12,22,10,-1
12,23,0,-1
12,23,1,-1
12,23,2,-1
12,23,3,8
12,23,4,-1
12,23,5,-1
12,23,6,-1
12,23,7,-1
12,23,8,-1
12,23,9,-1
12,23,10,-1
12,24,0,-1
12,24,1,-1
12,24,2,-1
12,24,3,8
12,24,4,-1
12,24,5,-1
12,24,6,-1
12,24,7,-1
12,24,8,-1
12,24,9,-1
12,24,10,-1
12,25,0,-1
12,25,1,-1
12,25,2,-1
12,25,3,8
12,25,4,-1
12,25,5,-1
12,25,6,-1
12,25,7,-1
12,25,8,-1
12,25,9,-1
12,25,10,-1
12,26,0,-1
12,26,1,-1
12,26,2,-1
12,26,3,-1
12,26,4,-1
12,26,5,-1
12,26,6,-1
12,26,7,-1
12,26,8,-1
12,26,9,-1
12,26,10,-1
12,27,0,-1
12,27,1,-1
12,27,2,-1
12,27,3,-1
12,27,4,-1
12,27,5,-1
12,27,6,-1
12,27,7,-1
12,27,8,-1
12,27,9,-1
12,27,10,-1
12,28,0,-1
12,28,1,-1
12,28,2,-1
12,28,3,-1
12,28,4,-1
12,28,5,-1
12,28,6,-1
12,28,7,-1
12,28,8,-1
12,28,9,-1
12,28,10,-1
12,29,0,-1
12,29,1,-1
12,29,2,-1
12,29,3,-1
12,29,4,-1
12,29,5,-1
12,29,6,-1
12,29,7,-1
12,29,8,-1
12,29,9,-1
12,29,10,-1
12,30,0,-1
12,30,1,-1
12,30,2,-1
12,30,3,-1
12,30,4,-1
12,30,5,-1
12,30,6,-1
12,30,7,-1
12,30,8,-1
12,30,9,-1
12,30,10,-1
12,31,0,-1
12,31,1,-1
12,31,2,-1
12,31,3,-1
12,31,4,-1
12,31,5,-1
12,31,6,-1
12,31,7,-1
12,31,8,-1
12,31,9,-1
12,31,10,-1
12,32,0,-1
12,32,1,-1
12,32,2,-1
12,32,3,-1
12,32,4,-1
12,32,5,-1
12,32,6,-1
12,32,7,-1
12,32,8,-1
12,32,9,-1
12,32,10,-1
12,33,0,-1
12,33,1,-1
12,33,2,-1
12,33,3,-1
12,33,4,-1
12,33,5,-1
12,33,6,-1
12,33,7,-1
12,33,8,-1
12,33,9,-1
12,33,10,-1
12,34,0,-1
12,34,1,-1
12,34,2,-1
12,34,3,-1
12,34,4,-1
12,34,5,-1
12,34,6,-1
12,34,7,-1
12,34,8,-1
12,34,9,-1
12,34,10,-1
12,35,0,-1
12,35,1,-1
12,35,2,-1
12,35,3,-1
12,35,4,-1
12,35,5,-1
12,35,6,-1
12,35,7,-1
12,35,8,-1
12,35,9,-1
12,35,10,-1
12,36,0,-1
12,36,1,-1
12,36,2,-1
12,36,3,-1
12,36,4,-1
12,36,5,-1
12,36,6,-1
12,36,7,-1
12,36,8,-1
12,36,9,-1
12,36,10,-1
12,37,0,-1
12,37,1,-1
12,37,2,-1
12,37,3,-1
12,37,4,-1
12,37,5,-1
12,37,6,-1
12,37,7,-1
12,37,8,-1
12,37,9,-1
12,37,10,-1
12,38,0,-1
12,38,1,-1
12,38,2,-1
12,38,3,-1
12,38,4,-1
12,38,5,-1
12,38,6,-1
12,38,7,-1
12,38,8,-1
12,38,9,-1
12,38,10,-1
12,39,0,-1
12,39,1,-1
12,39,2,-1
12,39,3,-1
12,39,4,-1
12,39,5,-1
12,39,6,-1
12,39,7,-1
12,39,8,-1
12,39,9,-1
12,39,10,-1
13,0,0,-1
13,0,1,-1
13,0,2,-1
13,0,3,-1
13,0,4,-1
13,0,5,-1
13,0,6,-1
13,0,7,-1
13,0,8,-1
13,0,9,-1
13,0,10,-1
13,1,0,-1
13,1,1,-1
13,1,2,-1
13,1,3,-1
13,1,4,-1
13,1,5,-1
13,1,6,-1
13,1,7,-1
13,1,8,-1
13,1,9,-1
13,1,10,-1
13,2,0,-1
13,2,1,-1
13,2,2,-1
13,2,3,2
13,2,4,17
13,2,5,-1
13,2,6,-1
13,2,7,-1
13,2,8,-1
13,2,9,-1
13,2,10,-1
13,3,0,-1
13,3,1,-1
13,3,2,-1
13,3,3,2
13,3,4,17
13,3,5,-1
13,3,6,-1
13,3,7,-1
13,3,8,-1
13,3,9,-1
13,3,10,-1
13,4,0,-1
13,4,1,-1
13,4,2,-1
13,4,3,2
13,4,4,17
13,4,5,-1
13,4,6,-1
13,4,7,-1
13,4,8,-1
13,4,9,-1
13,4,10,-1
13,5,0,-1
13,5,1,-1
13,5,2,-1
13,5,3,2
13,5,4,6
13,5,5,-1
13,5,6,-1
13,5,7,-1
13,5,8,-1
13,5,9,-1
13,5,10,-1
13,6,0,-1
13,6,1,-1
13,6,2,-1
13,6,3,12
13,6,4,6
13,6,5,-1
13,6,6,-1
13,6,7,-1
13,6,8,-1
13,6,9,-1
13,6,10,-1
13,7,0,-1
13,7,1,-1
13,7,2,-1
13,7,3,12
13,7,4,6
13,7,5,-1
13,7,6,-1
13,7,7,-1
13,7,8,-1
13,7,9,-1
13,7,10,-1
13,8,0,-1
13,8,1,-1
13,8,2,-1
13,8,3,12
13,8,4,6
13,8,5,-1
13,8,6,-1
13,8,7,-1
13,8,8,-1
13,8,9,-1
13,8,10,-1
13,9,0,-1
13,9,1,-1
13,9,2,-1
13,9,3,12
13,9,4,6
13,9,5,-1
13,9,6,-1
13,9,7,-1
13,9,8,-1
13,9,9,-1
13,9,10,-1
13,10,0,-1
13,10,1,-1
13,10,2,-1
13,10,3,12
13,10,4,-1
13,10,5,-1
13,10,6,-1
13,10,7,-1
13,10,8,-1
13,10,9,-1
13,10,10,-1
13,11,0,-1
13,11,1,-1
13,11,2,-1
13,11,3,2
13,11,4,-1
13,11,5,-1
13,11,6,-1
13,11,7,-1
13,11,8,-1
13,11,9,-1
13,11,10,-1
13,12,0,-1
13,12,1,-1
13,12,2,-1
13,12,3,2
13,12,4,-1
13,12,5,-1
13,12,6,-1
13,12,7,-1
13,12,8,-1
13,12,9,-1
13,12,10,-1
13,13,0,-1
13,13,1,-1
13,13,2,-1
13,13,3,2
13,13,4,-1
13,13,5,-1
13,13,6,-1
13,13,7,-1
13,13,8,-1
13,13,9,-1
13,13,10,-1
13,14,0,-1
13,14,1,-1
13,14,2,-1
13,14,3,8
13,14,4,3
13,14,5,-1
13,14,6,-1
13,14,7,-1
13,14,8,-1
13,14,9,-1
13,14,10,-1
13,15,0,-1
13,15,1,-1
13,15,2,-1
13,15,3,8
13,15,4,3
13,15,5,-1
13,15,6,-1
13,15,7,-1
13,15,8,-1
13,15,9,-1
13,15,10,-1
13,16,0,-1
13,16,1,-1
13,16,2,-1
13,16,3,8
13,16,4,3
13,16,5,-1
13,16,6,-1
13,16,7,-1
13,16,8,-1
13,16,9,-1
13,16,10,-1
13,17,0,-1
13,17,1,-1
13,17,2,-1
13,17,3,8
13,17,4,-1
13,17,5,-1
13,17,6,-1
13,17,7,-1
13,17,8,-1
13,17,9,-1
13,17,10,-1
13,18,0,-1
13,18,1,-1
13,18,2,-1
13,18,3,8
13,18,4,-1
13,18,5,-1
13,18,6,-1
13,18,7,-1
13,18,8,-1
13,18,9,-1
13,18,10,-1
13,19,0,-1
13,19,1,-1
13,19,2,-1
13,19,3,8
13,19,4,-1
13,19,5,-1
13,19,6,-1
13,19,7,-1
13,19,8,-1
13,19,9,-1
13,19,10,-1
13,20,0,-1
13,20,1,-1
13,20,2,-1
13,20,3,8
13,20,4,-1
13,20,5,-1
13,20,6,-1
13,20,7,-1
13,20,8,-1
13,20,9,-1
13,20,10,-1
13,21,0,-1
13,21,1,-1
13,21,2,-1
13,21,3,8
13,21,4,-1
13,21,5,-1
13,21,6,-1
13,21,7,-1
13,21,8,-1
13,21,9,-1
13,21,10,-1
13,22,0,-1
13,22,1,-1
13,22,2,-1
13,22,3,8
13,22,4,-1
13,22,5,-1
13,22,6,-1
13,22,7,-1
13,22,8,-1
13,22,9,-1
13,22,10,-1
13,23,0,-1
13,23,1,-1
13,23,2,-1
13,23,3,8
13,23,4,-1
13,23,5,-1
13,23,6,-1
13,23,7,-1
13,23,8,-1
13,23,9,-1
13,23,10,-1
13,24,0,-1
13,24,1,-1
13,24,2,-1
13,24,3,8
13,24,4,-1
13,24,5,-1
13,24,6,-1
13,24,7,-1
13,24,8,-1
13,24,9,-1
13,24,10,-1
13,25,0,-1
13,25,1,-1
13,25,2,-1
13,25,3,8
13,25,4,-1
13,25,5,-1
13,25,6,-1
13,25,7,-1
13,25,8,-1
13,25,9,-1
13,25,10,-1
13,26,0,-1
13,26,1,-1
13,26,2,-1
13,26,3,-1
13,26,4,-1
13,26,5,-1
13,26,6,-1
13,26,7,-1
13,26,8,-1
13,26,9,-1
13,26,10,-1
13,27,0,-1
13,27,1,-1
13,27,2,-1
13,27,3,-1
13,27,4,-1
13,27,5,-1
13,27,6,-1
13,27,7,-1
13,27,8,-1
13,27,9,-1
13,27,10,-1
13,28,0,-1
13,28,1,-1
13,28,2,-1
13,28,3,-1
13,28,4,-1
13,28,5,-1
13,28,6,-1
13,28,7,-1
13,28,8,-1
13,28,9,-1
13,28,10,-1
13,29,0,-1
13,29,1,-1
13,29,2,-1
13,29,3,-1
13,29,4,-1
13,29,5,-1
13,29,6,-1
13,29,7,-1
13,29,8,-1
13,29,9,-1
13,29,10,-1
13,30,0,-1
13,30,1,-1
13,30,2,-1
13,30,3,-1
13,30,4,-1
13,30,5,-1
13,30,6,-1
13,30,7,-1
13,30,8,-1
13,30,9,-1
13,30,10,-1
13,31,0,-1
13,31,1,-1
13,31,2,-1
13,31,3,-1
13,31,4,-1
13,31,5,-1
13,31,6,-1
13,31,7,-1
13,31,8,-1
13,31,9,-1
13,31,10,-1
13,32,0,-1
13,32,1,-1
13,32,2,-1
13,32,3,-1
13,32,4,-1
13,32,5,-1
13,32,6,-1
13,32,7,-1
13,32,8,-1
13,32,9,-1
13,32,10,-1
13,33,0,-1
13,33,1,-1
13,33,2,-1
13,33,3,-1
13,33,4,-1
13,33,5,-1
13,33,6,-1
13,33,7,-1
13,33,8,-1
13,33,9,-1
13,33,10,-1
13,34,0,-1
13,34,1,-1
13,34,2,-1
13,34,3,-1
13,34,4,-1
13,34,5,-1
13,34,6,-1
13,34,7,-1
13,34,8,-1
13,34,9,-1
13,34,10,-1
13,35,0,-1
13,35,1,-1
13,35,2,-1
13,35,3,-1
13,35,4,-1
13,35,5,-1
13,35,6,-1
13,35,7,-1
13,35,8,-1
13,35,9,-1
13,35,10,-1
13,36,0,-1
13,36,1,-1
13,36,2,-1
13,36,3,-1
13,36,4,-1
13,36,5,-1
13,36,6,-1
13,36,7,-1
13,36,8,-1
13,36,9,-1
13,36,10,-1
13,37,0,-1
13,37,1,-1
13,37,2,-1
13,37,3,-1
13,37,4,-1
13,37,5,-1
13,37,6,-1
13,37,7,-1
13,37,8,-1
13,37,9,-1
13,37,10,-1
13,38,0,-1
13,38,1,-1
13,38,2,-1
13,38,3,-1
13,38,4,-1
13,38,5,-1
13,38,6,-1
13,38,7,-1
13,38,8,-1
13,38,9,-1
13,38,10,-1
13,39,0,-1
13,39,1,-1
13,39,2,-1
13,39,3,-1
13,39,4,-1
13,39,5,-1
13,39,6,-1
13,39,7,-1
13,39,8,-1
13,39,9,-1
13,39,10,-1
14,0,0,-1
14,0,1,-1
14,0,2,-1
14,0,3,-1
14,0,4,-1
14,0,5,-1
14,0,6,-1
14,0,7,-1
14,0,8,-1
14,0,9,-1
14,0,10,-1
14,1,0,-1
14,1,1,-1
14,1,2,-1
14,1,3,-1
14,1,4,-1
14,1,5,-1
14,1,6,-1
14,1,7,-1
14,1,8,-1
14,1,9,-1
14,1,10,-1
14,2,0,-1
14,2,1,-1
14,2,2,-1
14,2,3,2
14,2,4,6
14,2,5,-1
14,2,6,-1
14,2,7,-1
14,2,8,-1
14,2,9,-1
14,2,10,-1
14,3,0,-1
14,3,1,-1
14,3,2,-1
14,3,3,2
14,3,4,6
14,3,5,-1
14,3,6,-1
14,3,7,-1
14,3,8,-1
14,3,9,-1
14,3,10,-1
14,4,0,-1
14,4,1,-1
14,4,2,-1
14,4,3,2
14,4,4,6
14,4,5,-1
14,4,6,-1
14,4,7,-1
14,4,8,-1
14,4,9,-1
14,4,10,-1
14,5,0,-1
14,5,1,-1
14,5,2,-1
14,5,3,2
14,5,4,6
14,5,5,-1
14,5,6,-1
14,5,7,-1
14,5,8,-1
14,5,9,-1
14,5,10,-1
14,6,0,-1
14,6,1,-1
14,6,2,-1
14,6,3,12
14,6,4,6
14,6,5,-1
14,6,6,-1
14,6,7,-1
14,6,8,-1
14,6,9,-1
14,6,10,-1
14,7,0,-1
14,7,1,-1
14,7,2,-1
14,7,3,12
14,7,4,6
14,7,5,-1
14,7,6,-1
14,7,7,-1
14,7,8,-1
14,7,9,-1
14,7,10,-1
14,8,0,-1
14,8,1,-1
14,8,2,-1
14,8,3,12
14,8,4,6
14,8,5,-1
14,8,6,-1
14,8,7,-1
14,8,8,-1
14,8,9,-1
14,8,10,-1
14,9,0,-1
14,9,1,-1
14,9,2,-1
14,9,3,12
14,9,4,6
14,9,5,-1
14,9,6,-1
14,9,7,-1
14,9,8,-1
14,9,9,-1
14,9,10,-1
14,10,0,-1
14,10,1,-1
14,10,2,-1
14,10,3,12
14,10,4,3
14,10,5,-1
14,10,6,-1
14,10,7,-1
14,10,8,-1
14,10,9,-1
14,10,10,-1
14,11,0,-1
14,11,1,-1
14,11,2,-1
14,11,3,2
14,11,4,3
14,11,5,-1
14,11,6,-1
14,11,7,-1
14,11,8,-1
14,11,9,-1
14,11,10,-1
14,12,0,-1
14,12,1,-1
14,12,2,-1
14,12,3,2
14,12,4,3
14,12,5,-1
14,12,6,-1
14,12,7,-1
14,12,8,-1
14,12,9,-1
14,12,10,-1
14,13,0,-1
14,13,1,-1
14,13,2,-1
14,13,3,2
14,13,4,3
14,13,5,-1
14,13,6,-1
14,13,7,-1
14,13,8,-1
14,13,9,-1
14,13,10,-1
14,14,0,-1
14,14,1,-1
14,14,2,-1
14,14,3,8
14,14,4,3
14,14,5,-1
14,14,6,-1
14,14,7,-1
14,14,8,-1
14,14,9,-1
14,14,10,-1
14,15,0,-1
14,15,1,-1
14,15,2,-1
14,15,3,8
14,15,4,3
14,15,5,-1
14,15,6,-1
14,15,7,-1
14,15,8,-1
14,15,9,-1
14,15,10,-1
14,16,0,-1
14,16,1,-1
14,16,2,-1
14,16,3,8
14,16,4,3
14,16,5,-1
14,16,6,-1
14,16,7,-1
14,16,8,-1
14,16,9,-1
14,16,10,-1
14,17,0,-1
14,17,1,-1
14,17,2,-1
14,17,3,8
14,17,4,-1
14,17,5,-1
14,17,6,-1
14,17,7,-1
14,17,8,-1
14,17,9,-1
14,17,10,-1
14,18,0,-1
14,18,1,-1
14,18,2,-1
14,18,3,8
14,18,4,-1
14,18,5,-1
14,18,6,-1
14,18,7,-1
14,18,8,-1
14,18,9,-1
14,18,10,-1
14,19,0,-1
14,19,1,-1
14,19,2,-1
14,19,3,8
14,19,4,-1
14,19,5,-1
14,19,6,-1
14,19,7,-1
14,19,8,-1
14,19,9,-1
14,19,10,-1
14,20,0,-1
14,20,1,-1
14,20,2,-1
14,20,3,8
14,20,4,-1
14,20,5,-1
14,20,6,-1
14,20,7,-1
14,20,8,-1
14,20,9,-1
14,20,10,-1
14,21,0,-1
14,21,1,-1
14,21,2,-1
14,21,3,8
14,21,4,-1
14,21,5,-1
14,21,6,-1
14,21,7,-1
14,21,8,-1
14,21,9,-1
14,21,10,-1
14,22,0,-1
14,22,1,-1
14,22,2,-1
14,22,3,8
14,22,4,-1
14,22,5,-1
14,22,6,-1
14,22,7,-1
14,22,8,-1
14,22,9,-1
14,22,10,-1
14,23,0,-1
14,23,1,-1
14,23,2,-1
14,23,3,8
14,23,4,-1
14,23,5,-1
14,23,6,-1
14,23,7,-1
14,23,8,-1
14,23,9,-1
14,23,10,-1
14,24,0,-1
14,24,1,-1
14,24,2,-1
14,24,3,8
14,24,4,-1
14,24,5,-1
14,24,6,-1
14,24,7,-1
14,24,8,-1
14,24,9,-1
14,24,10,-1
14,25,0,-1
14,25,1,-1
14,25,2,-1
14,25,3,8
14,25,4,-1
14,25,5,-1
14,25,6,-1
14,25,7,-1
14,25,8,-1
14,25,9,-1
14,25,10,-1
14,26,0,-1
14,26,1,-1
14,26,2,-1
14,26,3,-1
14,26,4,-1
14,26,5,-1
14,26,6,-1
14,26,7,-1
14,26,8,-1
14,26,9,-1
14,26,10,-1
14,27,0,-1
14,27,1,-1
14,27,2,-1
14,27,3,-1
14,27,4,-1
14,27,5,-1
14,27,6,-1
14,27,7,-1
14,27,8,-1
14,27,9,-1
14,27,10,-1
14,28,0,-1
14,28,1,-1
14,28,2,-1
14,28,3,-1
14,28,4,-1
14,28,5,-1
14,28,6,-1
14,28,7,-1
14,28,8,-1
14,28,9,-1
14,28,10,-1
14,29,0,-1
14,29,1,-1
14,29,2,-1
14,29,3,-1
14,29,4,-1
14,29,5,-1
14,29,6,-1
14,29,7,-1
14,29,8,-1
14,29,9,-1
14,29,10,-1
14,30,0,-1
14,30,1,-1
14,30,2,-1
14,30,3,-1
14,30,4,-1
14,30,5,-1
14,30,6,-1
14,30,7,-1
14,30,8,-1
14,30,9,-1
14,30,10,-1
14,31,0,-1
14,31,1,-1
14,31,2,-1
14,31,3,-1
14,31,4,-1
14,31,5,-1
14,31,6,-1
14,31,7,-1
14,31,8,-1
14,31,9,-1
14,31,10,-1
14,32,0,-1
14,32,1,-1
14,32,2,-1
14,32,3,-1
14,32,4,-1
14,32,5,-1
14,32,6,-1
14,32,7,-1
14,32,8,-1
14,32,9,-1
14,32,10,-1
14,33,0,-1
14,33,1,-1
14,33,2,-1
14,33,3,-1
14,33,4,-1
14,33,5,-1
14,33,6,-1
14,33,7,-1
14,33,8,-1
14,33,9,-1
14,33,10,-1
14,34,0,-1
14,34,1,-1
14,34,2,-1
14,34,3,-1
14,34,4,-1
14,34,5,-1
14,34,6,-1
14,34,7,-1
14,34,8,-1
14,34,9,-1
14,34,10,-1
14,35,0,-1
14,35,1,-1
14,35,2,-1
14,35,3,-1
14,35,4,-1
14,35,5,-1
14,35,6,-1
14,35,7,-1
14,35,8,-1
14,35,9,-1
14,35,10,-1
14,36,0,-1
14,36,1,-1
14,36,2,-1
14,36,3,-1
14,36,4,-1
14,36,5,-1
14,36,6,-1
14,36,7,-1
14,36,8,-1
14,36,9,-1
14,36,10,-1
14,37,0,-1
14,37,1,-1
14,37,2,-1
14,37,3,-1
14,37,4,-1
14,37,5,-1
14,37,6,-1
14,37,7,-1
14,37,8,-1
14,37,9,-1
14,37,10,-1
14,38,0,-1
14,38,1,-1
14,38,2,-1
14,38,3,-1
14,38,4,-1
14,38,5,-1
14,38,6,-1
14,38,7,-1
14,38,8,-1
14,38,9,-1
14,38,10,-1
14,39,0,-1
14,39,1,-1
14,39,2,-1
14,39,3,-1
14,39,4,-1
14,39,5,-1
14,39,6,-1
14,39,7,-1
14,39,8,-1
14,39,9,-1
14,39,10,-1
15,0,0,-1
15,0,1,-1
15,0,2,-1
15,0,3,-1
15,0,4,-1
15,0,5,-1
15,0,6,-1
15,0,7,-1
15,0,8,-1
15,0,9,-1
15,0,10,-1
15,1,0,-1
15,1,1,-1
15,1,2,-1
15,1,3,-1
15,1,4,-1
15,1,5,-1
15,1,6,-1
15,1,7,-1
15,1,8,-1
15,1,9,-1
15,1,10,-1
15,2,0,-1
15,2,1,-1
15,2,2,-1
15,2,3,2
15,2,4,6
15,2,5,-1
15,2,6,-1
15,2,7,-1
15,2,8,-1
15,2,9,-1
15,2,10,-1
15,3,0,-1
15,3,1,-1
15,3,2,-1
15,3,3,2
15,3,4,6
15,3,5,-1
15,3,6,-1
15,3,7,-1
15,3,8,-1
15,3,9,-1
15,3,10,-1
15,4,0,-1
15,4,1,-1
15,4,2,-1
15,4,3,2
15,4,4,6
15,4,5,-1
15,4,6,-1
15,4,7,-1
15,4,8,-1
15,4,9,-1
15,4,10,-1
15,5,0,-1
15,5,1,-1
15,5,2,-1
15,5,3,2
15,5,4,6
15,5,5,-1
15,5,6,-1
15,5,7,-1
15,5,8,-1
15,5,9,-1
15,5,10,-1
15,6,0,-1
15,6,1,-1
15,6,2,-1
15,6,3,12
15,6,4,6
15,6,5,-1
15,6,6,-1
15,6,7,-1
15,6,8,-1
15,6,9,-1
15,6,10,-1
15,7,0,-1
15,7,1,-1
15,7,2,-1
15,7,3,12
15,7,4,3
15,7,5,-1
15,7,6,-1
15,7,7,-1
15,7,8,-1
15,7,9,-1
15,7,10,-1
15,8,0,-1
15,8,1,-1
15,8,2,-1
15,8,3,12
15,8,4,3
15,8,5,-1
15,8,6,-1
15,8,7,-1
15,8,8,-1
15,8,9,-1
15,8,10,-1
15,9,0,-1
15,9,1,-1
15,9,2,-1
15,9,3,12
15,9,4,3
15,9,5,-1
15,9,6,-1
15,9,7,-1
15,9,8,-1
15,9,9,-1
15,9,10,-1
15,10,0,-1
15,10,1,-1
15,10,2,-1
15,10,3,12
15,10,4,3
15,10,5,-1
15,10,6,-1
15,10,7,-1
15,10,8,-1
15,10,9,-1
15,10,10,-1
15,11,0,-1
15,11,1,-1
15,11,2,-1
15,11,3,2
15,11,4,3
15,11,5,-1
15,11,6,-1
15,11,7,-1
15,11,8,-1
15,11,9,-1
15,11,10,-1
15,12,0,-1
15,12,1,-1
15,12,2,-1
15,12,3,2
15,12,4,3
15,12,5,-1
15,12,6,-1
15,12,7,-1
15,12,8,-1
15,12,9,-1
15,12,10,-1
15,13,0,-1
15,13,1,-1
15,13,2,-1
15,13,3,2
15,13,4,3
15,13,5,-1
15,13,6,-1
15,13,7,-1
15,13,8,-1
15,13,9,-1
15,13,10,-1
15,14,0,-1
15,14,1,-1
15,14,2,-1
15,14,3,8
15,14,4,3
15,14,5,-1
15,14,6,-1
15,14,7,-1
15,14,8,-1
15,14,9,-1
15,14,10,-1
15,15,0,-1
15,15,1,-1
15,15,2,-1
15,15,3,8
15,15,4,-1
15,15,5,-1
15,15,6,-1
15,15,7,-1
15,15,8,-1
15,15,9,-1
15,15,10,-1
15,16,0,-1
15,16,1,-1
15,16,2,-1
15,16,3,8
15,16,4,-1
15,16,5,-1
15,16,6,-1
15,16,7,-1
15,16,8,-1
15,16,9,-1
15,16,10,-1
15,17,0,-1
15,17,1,-1
15,17,2,-1
15,17,3,8
15,17,4,-1
15,17,5,-1
15,17,6,-1
15,17,7,-1
15,17,8,-1
15,17,9,-1
15,17,10,-1
15,18,0,-1
15,18,1,-1
15,18,2,-1
15,18,3,8
15,18,4,-1
15,18,5,-1
15,18,6,-1
15,18,7,-1
15,18,8,-1
15,18,9,-1
15,18,10,-1
15,19,0,-1
15,19,1,-1
15,19,2,-1
15,19,3,8
15,19,4,-1
15,19,5,-1
15,19,6,-1
15,19,7,-1
15,19,8,-1
15,19,9,-1
15,19,10,-1
15,20,0,-1
15,20,1,-1
15,20,2,-1
15,20,3,8
15,20,4,-1
15,20,5,-1
15,20,6,-1
15,20,7,-1
15,20,8,-1
15,20,9,-1
15,20,10,-1
15,21,0,-1
15,21,1,-1
15,21,2,-1
15,21,3,8
15,21,4,-1
15,21,5,-1
15,21,6,-1
15,21,7,-1
15,21,8,-1
15,21,9,-1
15,21,10,-1
15,22,0,-1
15,22,1,-1
15,22,2,-1
15,22,3,8
15,22,4,-1
15,22,5,-1
15,22,6,-1
15,22,7,-1
15,22,8,-1
15,22,9,-1
15,22,10,-1
15,23,0,-1
15,23,1,-1
15,23,2,-1
15,23,3,8
15,23,4,-1
15,23,5,-1
15,23,6,-1
15,23,7,-1
15,23,8,-1
15,23,9,-1
15,23,10,-1
15,24,0,-1
15,24,1,-1
15,24,2,-1
15,24,3,8
15,24,4,-1
15,24,5,-1
15,24,6,-1
15,24,7,-1
15,24,8,-1
15,24,9,-1
15,24,10,-1
15,25,0,-1
15,25,1,-1
15,25,2,-1
15,25,3,8
15,25,4,-1
15,25,5,-1
15,25,6,-1
15,25,7,-1
15,25,8,-1
15,25,9,-1
15,25,10,-1
15,26,0,-1
15,26,1,-1
15,26,2,-1
15,26,3,-1
15,26,4,-1
15,26,5,-1
15,26,6,-1
15,26,7,-1
15,26,8,-1
15,26,9,-1
15,26,10,-1
15,27,0,-1
15,27,1,-1
15,27,2,-1
15,27,3,-1
15,27,4,-1
15,27,5,-1
15,27,6,-1
15,27,7,-1
15,27,8,-1
15,27,9,-1
15,27,10,-1
15,28,0,-1
15,28,1,-1
15,28,2,-1
15,28,3,-1
15,28,4,-1
15,28,5,-1
15,28,6,-1
15,28,7,-1
15,28,8,-1
15,28,9,-1
15,28,10,-1
15,29,0,-1
15,29,1,-1
15,29,2,-1
15,29,3,-1
15,29,4,-1
15,29,5,-1
15,29,6,-1
15,29,7,-1
15,29,8,-1
15,29,9,-1
15,29,10,-1
15,30,0,-1
15,30,1,-1
15,30,2,-1
15,30,3,-1
15,30,4,-1
15,30,5,-1
15,30,6,-1
15,30,7,-1
15,30,8,-1
15,30,9,-1
15,30,10,-1
15,31,0,-1
15,31,1,-1
15,31,2,-1
15,31,3,-1
15,31,4,-1
15,31,5,-1
15,31,6,-1
15,31,7,-1
15,31,8,-1
15,31,9,-1
15,31,10,-1
15,32,0,-1
15,32,1,-1
15,32,2,-1
15,32,3,-1
15,32,4,-1
15,32,5,-1
15,32,6,-1
15,32,7,-1
15,32,8,-1
15,32,9,-1
15,32,10,-1
15,33,0,-1
15,33,1,-1
15,33,2,-1
15,33,3,-1
15,33,4,-1
15,33,5,-1
15,33,6,-1
15,33,7,-1
15,33,8,-1
15,33,9,-1
15,33,10,-1
15,34,0,-1
15,34,1,-1
15,34,2,-1
15,34,3,-1
15,34,4,-1
15,34,5,-1
15,34,6,-1
15,34,7,-1
15,34,8,-1
15,34,9,-1
15,34,10,-1
15,35,0,-1
15,35,1,-1
15,35,2,-1
15,35,3,-1
15,35,4,-1
15,35,5,-1
15,35,6,-1
15,35,7,-1
15,35,8,-1
15,35,9,-1
15,35,10,-1
15,36,0,-1
15,36,1,-1
15,36,2,-1
15,36,3,-1
15,36,4,-1
15,36,5,-1
15,36,6,-1
15,36,7,-1
15,36,8,-1
15,36,9,-1
15,36,10,-1
15,37,0,-1
15,37,1,-1
15,37,2,-1
15,37,3,-1
15,37,4,-1
15,37,5,-1
15,37,6,-1
15,37,7,-1
15,37,8,-1
15,37,9,-1
15,37,10,-1
15,38,0,-1
15,38,1,-1
15,38,2,-1
15,38,3,-1
15,38,4,-1
15,38,5,-1
15,38,6,-1
15,38,7,-1
15,38,8,-1
15,38,9,-1
15,38,10,-1
15,39,0,-1
15,39,1,-1
15,39,2,-1
15,39,3,-1
15,39,4,-1
15,39,5,-1
15,39,6,-1
15,39,7,-1
15,39,8,-1
15,39,9,-1
15,39,10,-1
16,0,0,-1
16,0,1,-1
16,0,2,-1
16,0,3,-1
16,0,4,-1
16,0,5,-1
16,0,6,-1
16,0,7,-1
16,0,8,-1
16,0,9,-1
16,0,10,-1
16,1,0,-1
16,1,1,-1
16,1,2,-1
16,1,3,-1
16,1,4,-1
16,1,5,-1
16,1,6,-1
16,1,7,-1
16,1,8,-1
16,1,9,-1
16,1,10,-1
16,2,0,-1
16,2,1,-1
16,2,2,-1
16,2,3,2
16,2,4,6
16,2,5,-1
16,2,6,-1
16,2,7,-1
16,2,8,-1
16,2,9,-1
16,2,10,-1
16,3,0,-1
16,3,1,-1
16,3,2,-1
16,3,3,2
16,3,4,6
16,3,5,-1
16,3,6,-1
16,3,7,-1
16,3,8,-1
16,3,9,-1
16,3,10,-1
16,4,0,-1
16,4,1,-1
16,4,2,-1
16,4,3,2
16,4,4,6
16,4,5,-1
16,4,6,-1
16,4,7,-1
16,4,8,-1
16,4,9,-1
16,4,10,-1
16,5,0,-1
16,5,1,-1
16,5,2,-1
16,5,3,2
16,5,4,6
16,5,5,-1
16,5,6,-1
16,5,7,-1
16,5,8,-1
16,5,9,-1
16,5,10,-1
16,6,0,-1
16,6,1,-1
16,6,2,-1
16,6,3,12
16,6,4,6
16,6,5,-1
16,6,6,-1
16,6,7,-1
16,6,8,-1
16,6,9,-1
16,6,10,-1
16,7,0,-1
16,7,1,-1
16,7,2,-1
16,7,3,12
16,7,4,3
16,7,5,-1
16,7,6,-1
16,7,7,-1
16,7,8,-1
16,7,9,-1
16,7,10,-1
16,8,0,-1
16,8,1,-1
16,8,2,-1
16,8,3,12
16,8,4,3
16,8,5,-1
16,8,6,-1
16,8,7,-1
16,8,8,-1
16,8,9,-1
16,8,10,-1
16,9,0,-1
16,9,1,-1
16,9,2,-1
16,9,3,12
16,9,4,3
16,9,5,-1
16,9,6,-1
16,9,7,-1
16,9,8,-1
16,9,9,-1
16,9,10,-1
16,10,0,-1
16,10,1,-1
16,10,2,-1
16,10,3,12
16,10,4,3
16,10,5,-1
16,10,6,-1
16,10,7,-1
16,10,8,-1
16,10,9,-1
16,10,10,-1
16,11,0,-1
16,11,1,-1
16,11,2,-1
16,11,3,2
16,11,4,3
16,11,5,-1
16,11,6,-1
16,11,7,-1
16,11,8,-1
16,11,9,-1
16,11,10,-1
16,12,0,-1
16,12,1,-1
16,12,2,-1
16,12,3,2
16,12,4,-1
16,12,5,-1
16,12,6,-1
16,12,7,-1
16,12,8,-1
16,12,9,-1
16,12,10,-1
16,13,0,-1
16,13,1,-1
16,13,2,-1
16,13,3,2
16,13,4,-1
16,13,5,-1
16,13,6,-1
16,13,7,-1
16,13,8,-1
16,13,9,-1
16,13,10,-1
16,14,0,-1
16,14,1,-1
16,14,2,-1
16,14,3,8
16,14,4,-1
16,14,5,-1
16,14,6,-1
16,14,7,-1
16,14,8,-1
16,14,9,-1
16,14,10,-1
16,15,0,-1
16,15,1,-1
16,15,2,-1
16,15,3,8
16,15,4,-1
16,15,5,-1
16,15,6,-1
16,15,7,-1
16,15,8,-1
16,15,9,-1
16,15,10,-1
16,16,0,-1
16,16,1,-1
16,16,2,-1
16,16,3,8
16,16,4,-1
16,16,5,-1
16,16,6,-1
16,16,7,-1
16,16,8,-1
16,16,9,-1
16,16,10,-1
16,17,0,-1
16,17,1,-1
16,17,2,-1
16,17,3,8
16,17,4,-1
16,17,5,-1
16,17,6,-1
16,17,7,-1
16,17,8,-1
16,17,9,-1
16,17,10,-1
16,18,0,-1
16,18,1,-1
16,18,2,-1
16,18,3,8
16,18,4,-1
16,18,5,-1
16,18,6,-1
16,18,7,-1
16,18,8,-1
16,18,9,-1
16,18,10,-1
16,19,0,-1
16,19,1,-1
16,19,2,-1
16,19,3,8
16,19,4,-1
16,19,5,-1
16,19,6,-1
16,19,7,-1
16,19,8,-1
16,19,9,-1
16,19,10,-1
16,20,0,-1
16,20,1,-1
16,20,2,-1
16,20,3,8
16,20,4,-1
16,20,5,-1
16,20,6,-1
16,20,7,-1
16,20,8,-1
16,20,9,-1
16,20,10,-1
16,21,0,-1
16,21,1,-1
16,21,2,-1
16,21,3,8
16,21,4,-1
16,21,5,-1
16,21,6,-1
16,21,7,-1
16,21,8,-1
16,21,9,-1
16,21,10,-1
16,22,0,-1
16,22,1,-1
16,22,2,-1
16,22,3,8
16,22,4,-1
16,22,5,-1
16,22,6,-1
16,22,7,-1
16,22,8,-1
16,22,9,-1
16,22,10,-1
16,23,0,-1
16,23,1,-1
16,23,2,-1
16,23,3,8
16,23,4,-1
16,23,5,-1
16,23,6,-1
16,23,7,-1
16,23,8,-1
16,23,9,-1
16,23,10,-1
16,24,0,-1
16,24,1,-1
16,24,2,-1
16,24,3,8
16,24,4,-1
16,24,5,-1
16,24,6,-1
16,24,7,-1
16,24,8,-1
16,24,9,-1
16,24,10,-1
16,25,0,-1
16,25,1,-1
16,25,2,-1
16,25,3,8
16,25,4,-1
16,25,5,-1
16,25,6,-1
16,25,7,-1
16,25,8,-1
16,25,9,-1
16,25,10,-1
16,26,0,-1
16,26,1,-1
16,26,2,-1
16,26,3,-1
16,26,4,-1
16,26,5,-1
16,26,6,-1
16,26,7,-1
16,26,8,-1
16,26,9,-1
16,26,10,-1
16,27,0,-1
16,27,1,-1
16,27,2,-1
16,27,3,-1
16,27,4,-1
16,27,5,-1
16,27,6,-1
16,27,7,-1
16,27,8,-1
16,27,9,-1
16,27,10,-1
16,28,0,-1
16,28,1,-1
16,28,2,-1
16,28,3,-1
16,28,4,-1
16,28,5,-1
16,28,6,-1
16,28,7,-1
16,28,8,-1
16,28,9,-1
16,28,10,-1
16,29,0,-1
16,29,1,-1
16,29,2,-1
16,29,3,-1
16,29,4,-1
16,29,5,-1
16,29,6,-1
16,29,7,-1
16,29,8,-1
16,29,9,-1
16,29,10,-1
16,30,0,-1
16,30,1,-1
16,30,2,-1
16,30,3,-1
16,30,4,-1
16,30,5,-1
16,30,6,-1
16,30,7,-1
16,30,8,-1
16,30,9,-1
16,30,10,-1
16,31,0,-1
16,31,1,-1
16,31,2,-1
16,31,3,-1
16,31,4,-1
16,31,5,-1
16,31,6,-1
16,31,7,-1
16,31,8,-1
16,31,9,-1
16,31,10,-1
16,32,0,-1
16,32,1,-1
16,32,2,-1
16,32,3,-1
16,32,4,-1
16,32,5,-1
16,32,6,-1
16,32,7,-1
16,32,8,-1
16,32,9,-1
16,32,10,-1
16,33,0,-1
16,33,1,-1
16,33,2,-1
16,33,3,-1
16,33,4,-1
16,33,5,-1
16,33,6,-1
16,33,7,-1
16,33,8,-1
16,33,9,-1
16,33,10,-1
16,34,0,-1
16,34,1,-1
16,34,2,-1
16,34,3,-1
16,34,4,-1
16,34,5,-1
16,34,6,-1
16,34,7,-1
16,34,8,-1
16,34,9,-1
16,34,10,-1
16,35,0,-1
16,35,1,-1
16,35,2,-1
16,35,3,-1
16,35,4,-1
16,35,5,-1
16,35,6,-1
16,35,7,-1
16,35,8,-1
16,35,9,-1
16,35,10,-1
16,36,0,-1
16,36,1,-1
16,36,2,-1
16,36,3,-1
16,36,4,-1
16,36,5,-1
16,36,6,-1
16,36,7,-1
16,36,8,-1
16,36,9,-1
16,36,10,-1
16,37,0,-1
16,37,1,-1
16,37,2,-1
16,37,3,-1
16,37,4,-1
16,37,5,-1
16,37,6,-1
16,37,7,-1
16,37,8,-1
16,37,9,-1
16,37,10,-1
16,38,0,-1
16,38,1,-1
16,38,2,-1
16,38,3,-1
16,38,4,-1
16,38,5,-1
16,38,6,-1
16,38,7,-1
16,38,8,-1
16,38,9,-1
16,38,10,-1
16,39,0,-1
16,39,1,-1
16,39,2,-1
16,39,3,-1
16,39,4,-1
16,39,5,-1
16,39,6,-1
16,39,7,-1
16,39,8,-1
16,39,9,-1
16,39,10,-1
17,0,0,-1
17,0,1,-1
17,0,2,-1
17,0,3,-1
17,0,4,-1
17,0,5,-1
17,0,6,-1
17,0,7,-1
17,0,8,-1
17,0,9,-1
17,0,10,-1
17,1,0,-1
17,1,1,-1
17,1,2,-1
17,1,3,-1
17,1,4,-1
17,1,5,-1
17,1,6,-1
17,1,7,-1
17,1,8,-1
17,1,9,-1
17,1,10,-1
17,2,0,-1
17,2,1,-1
17,2,2,-1
17,2,3,2
17,2,4,6
17,2,5,-1
17,2,6,-1
17,2,7,-1
17,2,8,-1
17,2,9,-1
17,2,10,-1
17,3,0,-1
17,3,1,-1
17,3,2,-1
17,3,3,2
17,3,4,6
17,3,5,-1
17,3,6,-1
17,3,7,-1
17,3,8,-1
17,3,9,-1
17,3,10,-1
17,4,0,-1
17,4,1,-1
17,4,2,-1
17,4,3,2
17,4,4,6
17,4,5,-1
17,4,6,-1
17,4,7,-1
17,4,8,-1
17,4,9,-1
17,4,10,-1
17,5,0,-1
17,5,1,-1
17,5,2,-1
17,5,3,2
17,5,4,6
17,5,5,-1
17,5,6,-1
17,5,7,-1
17,5,8,-1
17,5,9,-1
17,5,10,-1
17,6,0,-1
17,6,1,-1
17,6,2,-1
17,6,3,12
17,6,4,6
17,6,5,-1
17,6,6,-1
17,6,7,-1
17,6,8,-1
17,6,9,-1
17,6,10,-1
17,7,0,-1
17,7,1,-1
17,7,2,-1
17,7,3,12
17,7,4,3
17,7,5,-1
17,7,6,-1
17,7,7,-1
17,7,8,-1
17,7,9,-1
17,7,10,-1
17,8,0,-1
17,8,1,-1
17,8,2,-1
17,8,3,12
17,8,4,3
17,8,5,-1
17,8,6,-1
17,8,7,-1
17,8,8,-1
17,8,9,-1
17,8,10,-1
17,9,0,-1
17,9,1,-1
17,9,2,-1
17,9,3,12
17,9,4,3
17,9,5,-1
17,9,6,-1
17,9,7,-1
17,9,8,-1
17,9,9,-1
17,9,10,-1
17,10,0,-1
17,10,1,-1
17,10,2,-1
17,10,3,12
17,10,4,3
17,10,5,-1
17,10,6,-1
17,10,7,-1
17,10,8,-1
17,10,9,-1
17,10,10,-1
17,11,0,-1
17,11,1,-1
17,11,2,-1
17,11,3,2
17,11,4,3
17,11,5,-1
17,11,6,-1
17,11,7,-1
17,11,8,-1
17,11,9,-1
17,11,10,-1
17,12,0,-1
17,12,1,-1
17,12,2,-1
17,12,3,2
17,12,4,-1
17,12,5,-1
17,12,6,-1
17,12,7,-1
17,12,8,-1
17,12,9,-1
17,12,10,-1
17,13,0,-1
17,13,1,-1
17,13,2,-1
17,13,3,2
17,13,4,-1
17,13,5,-1
17,13,6,-1
17,13,7,-1
17,13,8,-1
17,13,9,-1
17,13,10,-1
17,14,0,-1
17,14,1,-1
17,14,2,-1
17,14,3,8
17,14,4,-1
17,14,5,-1
17,14,6,-1
17,14,7,-1
17,14,8,-1
17,14,9,-1
17,14,10,-1
17,15,0,-1
17,15,1,-1
17,15,2,-1
17,15,3,8
17,15,4,-1
17,15,5,-1
17,15,6,-1
17,15,7,-1
17,15,8,-1
17,15,9,-1
17,15,10,-1
17,16,0,-1
17,16,1,-1
17,16,2,-1
17,16,3,8
17,16,4,-1
17,16,5,-1
17,16,6,-1
17,16,7,-1
17,16,8,-1
17,16,9,-1
17,16,10,-1
17,17,0,-1
17,17,1,-1
17,17,2,-1
17,17,3,8
17,17,4,-1
17,17,5,-1
17,17,6,-1
17,17,7,-1
17,17,8,-1
17,17,9,-1
17,17,10,-1
17,18,0,-1
17,18,1,-1
17,18,2,-1
17,18,3,8
17,18,4,-1
17,18,5,-1
17,18,6,-1
17,18,7,-1
17,18,8,-1
17,18,9,-1
17,18,10,-1
17,19,0,-1
17,19,1,-1
17,19,2,-1
17,19,3,8
17,19,4,-1
17,19,5,-1
17,19,6,-1
17,19,7,-1
17,19,8,-1
17,19,9,-1
17,19,10,-1
17,20,0,-1
17,20,1,-1
17,20,2,-1
17,20,3,8
17,20,4,-1
17,20,5,-1
17,20,6,-1
17,20,7,-1
17,20,8,-1
17,20,9,-1
17,20,10,-1
17,21,0,-1
17,21,1,-1
17,21,2,-1
17,21,3,8
17,21,4,-1
17,21,5,-1
17,21,6,-1
17,21,7,-1
17,21,8,-1
17,21,9,-1
17,21,10,-1
17,22,0,-1
17,22,1,-1
17,22,2,-1
17,22,3,8
17,22,4,-1
17,22,5,-1
17,22,6,-1
17,22,7,-1
17,22,8,-1
17,22,9,-1
17,22,10,-1
17,23,0,-1
17,23,1,-1
17,23,2,-1
17,23,3,8
17,23,4,-1
17,23,5,-1
17,23,6,-1
17,23,7,-1
17,23,8,-1
17,23,9,-1
17,23,10,-1
17,24,0,-1
17,24,1,-1
17,24,2,-1
17,24,3,8
17,24,4,-1
17,24,5,-1
17,24,6,-1
17,24,7,-1
17,24,8,-1
17,24,9,-1
17,24,10,-1
17,25,0,-1
17,25,1,-1
17,25,2,-1
17,25,3,8
17,25,4,-1
17,25,5,-1
17,25,6,-1
17,25,7,-1
17,25,8,-1
17,25,9,-1
17,25,10,-1
17,26,0,-1
17,26,1,-1
17,26,2,-1
17,26,3,-1
17,26,4,-1
17,26,5,-1
17,26,6,-1
17,26,7,-1
17,26,8,-1
17,26,9,-1
17,26,10,-1
17,27,0,-1
17,27,1,-1
17,27,2,-1
17,27,3,-1
17,27,4,-1
17,27,5,-1
17,27,6,-1
17,27,7,-1
17,27,8,-1
17,27,9,-1
17,27,10,-1
17,28,0,-1
17,28,1,-1
17,28,2,-1
17,28,3,-1
17,28,4,-1
17,28,5,-1
17,28,6,-1
17,28,7,-1
17,28,8,-1
17,28,9,-1
17,28,10,-1
17,29,0,-1
17,29,1,-1
17,29,2,-1
17,29,3,-1
17,29,4,-1
17,29,5,-1
17,29,6,-1
17,29,7,-1
17,29,8,-1
17,29,9,-1
17,29,10,-1
17,30,0,-1
17,30,1,-1
17,30,2,-1
17,30,3,-1
17,30,4,-1
17,30,5,-1
17,30,6,-1
17,30,7,-1
17,30,8,-1
17,30,9,-1
17,30,10,-1
17,31,0,-1
17,31,1,-1
17,31,2,-1
17,31,3,-1
17,31,4,-1
17,31,5,-1
17,31,6,-1
17,31,7,-1
17,31,8,-1
17,31,9,-1
17,31,10,-1
17,32,0,-1
17,32,1,-1
17,32,2,-1
17,32,3,-1
17,32,4,-1
17,32,5,-1
17,32,6,-1
17,32,7,-1
17,32,8,-1
17,32,9,-1
17,32,10,-1
17,33,0,-1
17,33,1,-1
17,33,2,-1
17,33,3,-1
17,33,4,-1
17,33,5,-1
17,33,6,-1
17,33,7,-1
17,33,8,-1
17,33,9,-1
17,33,10,-1
17,34,0,-1
17,34,1,-1
17,34,2,-1
17,34,3,-1
17,34,4,-1
17,34,5,-1
17,34,6,-1
17,34,7,-1
17,34,8,-1
17,34,9,-1
17,34,10,-1
17,35,0,-1
17,35,1,-1
17,35,2,-1
17,35,3,-1
17,35,4,-1
17,35,5,-1
17,35,6,-1
17,35,7,-1
17,35,8,-1
17,35,9,-1
17,35,10,-1
17,36,0,-1
17,36,1,-1
17,36,2,-1
17,36,3,-1
17,36,4,-1
17,36,5,-1
17,36,6,-1
17,36,7,-1
17,36,8,-1
17,36,9,-1
17,36,10,-1
17,37,0,-1
17,37,1,-1
17,37,2,-1
17,37,3,-1
17,37,4,-1
17,37,5,-1
17,37,6,-1
17,37,7,-1
17,37,8,-1
17,37,9,-1
17,37,10,-1
17,38,0,-1
17,38,1,-1
17,38,2,-1
17,38,3,-1
17,38,4,-1
17,38,5,-1
17,38,6,-1
17,38,7,-1
17,38,8,-1
17,38,9,-1
17,38,10,-1
17,39,0,-1
17,39,1,-1
17,39,2,-1
17,39,3,-1
17,39,4,-1
17,39,5,-1
17,39,6,-1
17,39,7,-1
17,39,8,-1
17,39,9,-1
17,39,10,-1
18,0,0,-1
18,0,1,-1
18,0,2,-1
18,0,3,-1
18,0,4,-1
18,0,5,-1
18,0,6,-1
18,0,7,-1
18,0,8,-1
18,0,9,-1
18,0,10,-1
18,1,0,-1
18,1,1,-1
18,1,2,-1
18,1,3,-1
18,1,4,-1
18,1,5,-1
18,1,6,-1
18,1,7,-1
18,1,8,-1
18,1,9,-1
18,1,10,-1
18,2,0,-1
18,2,1,-1
18,2,2,-1
18,2,3,2
18,2,4,6
18,2,5,-1
18,2,6,-1
18,2,7,-1
18,2,8,-1
18,2,9,-1
18,2,10,-1
18,3,0,-1
18,3,1,-1
18,3,2,-1
18,3,3,2
18,3,4,6
18,3,5,-1
18,3,6,-1
18,3,7,-1
18,3,8,-1
18,3,9,-1
18,3,10,-1
18,4,0,-1
18,4,1,-1
18,4,2,-1
18,4,3,2
18,4,4,6
18,4,5,-1
18,4,6,-1
18,4,7,-1
18,4,8,-1
18,4,9,-1
18,4,10,-1
18,5,0,-1
18,5,1,-1
18,5,2,-1
18,5,3,2
18,5,4,6
18,5,5,-1
18,5,6,-1
18,5,7,-1
18,5,8,-1
18,5,9,-1
18,5,10,-1
18,6,0,-1
18,6,1,-1
18,6,2,-1
18,6,3,12
18,6,4,6
18,6,5,-1
18,6,6,-1
18,6,7,-1
18,6,8,-1
18,6,9,-1
18,6,10,-1
18,7,0,-1
18,7,1,-1
18,7,2,-1
18,7,3,12
18,7,4,3
18,7,5,-1
18,7,6,-1
18,7,7,-1
18,7,8,-1
18,7,9,-1
18,7,10,-1
18,8,0,-1
18,8,1,-1
18,8,2,-1
18,8,3,12
18,8,4,3
18,8,5,-1
18,8,6,-1
18,8,7,-1
18,8,8,-1
18,8,9,-1
18,8,10,-1
18,9,0,-1
18,9,1,-1
18,9,2,-1
18,9,3,12
18,9,4,3
18,9,5,-1
18,9,6,-1
18,9,7,-1
18,9,8,-1
18,9,9,-1
18,9,10,-1
18,10,0,-1
18,10,1,-1
18,10,2,-1
18,10,3,12
18,10,4,3
18,10,5,-1
18,10,6,-1
18,10,7,-1
18,10,8,-1
18,10,9,-1
18,10,10,-1
18,11,0,-1
18,11,1,-1
18,11,2,-1
18,11,3,2
18,11,4,3
18,11,5,-1
18,11,6,-1
18,11,7,-1
18,11,8,-1
18,11,9,-1
18,11,10,-1
18,12,0,-1
18,12,1,-1
18,12,2,-1
18,12,3,2
18,12,4,-1
18,12,5,-1
18,12,6,-1
18,12,7,-1
18,12,8,-1
18,12,9,-1
18,12,10,-1
18,13,0,-1
18,13,1,-1
18,13,2,-1
18,13,3,2
18,13,4,-1
18,13,5,-1
18,13,6,-1
18,13,7,-1
18,13,8,-1
18,13,9,-1
18,13,10,-1
18,14,0,-1
18,14,1,-1
18,14,2,-1
18,14,3,8
18,14,4,-1
18,14,5,-1
18,14,6,-1
18,14,7,-1
18,14,8,-1
18,14,9,-1
18,14,10,-1
18,15,0,-1
18,15,1,-1
18,15,2,-1
18,15,3,8
18,15,4,-1
18,15,5,-1
18,15,6,-1
18,15,7,-1
18,15,8,-1
18,15,9,-1
18,15,10,-1
18,16,0,-1
18,16,1,-1
18,16,2,-1
18,16,3,8
18,16,4,-1
18,16,5,-1
18,16,6,-1
18,16,7,-1
18,16,8,-1
18,16,9,-1
18,16,10,-1
18,17,0,-1
18,17,1,-1
18,17,2,-1
18,17,3,8
18,17,4,-1
18,17,5,-1
18,17,6,-1
18,17,7,-1
18,17,8,-1
18,17,9,-1
18,17,10,-1
18,18,0,-1
18,18,1,-1
18,18,2,-1
18,18,3,8
18,18,4,-1
18,18,5,-1
18,18,6,-1
18,18,7,-1
18,18,8,-1
18,18,9,-1
18,18,10,-1
18,19,0,-1
18,19,1,-1
18,19,2,-1
18,19,3,8
18,19,4,-1
18,19,5,-1
18,19,6,-1
18,19,7,-1
18,19,8,-1
18,19,9,-1
18,19,10,-1
18,20,0,-1
18,20,1,-1
18,20,2,-1
18,20,3,8
18,20,4,-1
18,20,5,-1
18,20,6,-1
18,20,7,-1
18,20,8,-1
18,20,9,-1
18,20,10,-1
18,21,0,-1
18,21,1,-1
18,21,2,-1
18,21,3,8
18,21,4,-1
18,21,5,-1
18,21,6,-1
18,21,7,-1
18,21,8,-1
18,21,9,-1
18,21,10,-1
18,22,0,-1
18,22,1,-1
18,22,2,-1
18,22,3,8
18,22,4,-1
18,22,5,-1
18,22,6,-1
18,22,7,-1
18,22,8,-1
18,22,9,-1
18,22,10,-1
18,23,0,-1
18,23,1,-1
18,23,2,-1
18,23,3,8
18,23,4,-1
18,23,5,-1
18,23,6,-1
18,23,7,-1
18,23,8,-1
18,23,9,-1
18,23,10,-1
18,24,0,-1
18,24,1,-1
18,24,2,-1
18,24,3,8
18,24,4,-1
18,24,5,-1
18,24,6,-1
18,24,7,-1
18,24,8,-1
18,24,9,-1
18,24,10,-1
18,25,0,-1
18,25,1,-1
18,25,2,-1
18,25,3,8
18,25,4,-1
18,25,5,-1
18,25,6,-1
18,25,7,-1
18,25,8,-1
18,25,9,-1
18,25,10,-1
18,26,0,-1
18,26,1,-1
18,26,2,-1
18,26,3,-1
18,26,4,-1
18,26,5,-1
18,26,6,-1
18,26,7,-1
18,26,8,-1
18,26,9,-1
18,26,10,-1
18,27,0,-1
18,27,1,-1
18,27,2,-1
18,27,3,-1
18,27,4,-1
18,27,5,-1
18,27,6,-1
18,27,7,-1
18,27,8,-1
18,27,9,-1
18,27,10,-1
18,28,0,-1
18,28,1,-1
18,28,2,-1
18,28,3,-1
18,28,4,-1
18,28,5,-1
18,28,6,-1
18,28,7,-1
18,28,8,-1
18,28,9,-1
18,28,10,-1
18,29,0,-1
18,29,1,-1
18,29,2,-1
18,29,3,-1
18,29,4,-1
18,29,5,-1
18,29,6,-1
18,29,7,-1
18,29,8,-1
18,29,9,-1
18,29,10,-1
18,30,0,-1
18,30,1,-1
18,30,2,-1
18,30,3,-1
18,30,4,-1
18,30,5,-1
18,30,6,-1
18,30,7,-1
18,30,8,-1
18,30,9,-1
18,30,10,-1
18,31,0,-1
18,31,1,-1
18,31,2,-1
18,31,3,-1
18,31,4,-1
18,31,5,-1
18,31,6,-1
18,31,7,-1
18,31,8,-1
18,31,9,-1
18,31,10,-1
18,32,0,-1
18,32,1,-1
18,32,2,-1
18,32,3,-1
18,32,4,-1
18,32,5,-1
18,32,6,-1
18,32,7,-1
18,32,8,-1
18,32,9,-1
18,32,10,-1
18,33,0,-1
18,33,1,-1
18,33,2,-1
18,33,3,-1
18,33,4,-1
18,33,5,-1
18,33,6,-1
18,33,7,-1
18,33,8,-1
18,33,9,-1
18,33,10,-1
18,34,0,-1
18,34,1,-1
18,34,2,-1
18,34,3,-1
18,34,4,-1
18,34,5,-1
18,34,6,-1
18,34,7,-1
18,34,8,-1
18,34,9,-1
18,34,10,-1
18,35,0,-1
18,35,1,-1
18,35,2,-1
18,35,3,-1
18,35,4,-1
18,35,5,-1
18,35,6,-1
18,35,7,-1
18,35,8,-1
18,35,9,-1
18,35,10,-1
18,36,0,-1
18,36,1,-1
18,36,2,-1
18,36,3,-1
18,36,4,-1
18,36,5,-1
18,36,6,-1
18,36,7,-1
18,36,8,-1
18,36,9,-1
18,36,10,-1
18,37,0,-1
18,37,1,-1
18,37,2,-1
18,37,3,-1
18,37,4,-1
18,37,5,-1
18,37,6,-1
18,37,7,-1
18,37,8,-1
18,37,9,-1
18,37,10,-1
18,38,0,-1
18,38,1,-1
18,38,2,-1
18,38,3,-1
18,38,4,-1
18,38,5,-1
18,38,6,-1
18,38,7,-1
18,38,8,-1
18,38,9,-1
18,38,10,-1
18,39,0,-1
18,39,1,-1
18,39,2,-1
18,39,3,-1
18,39,4,-1
18,39,5,-1
18,39,6,-1
18,39,7,-1
18,39,8,-1
18,39,9,-1
18,39,10,-1
19,0,0,-1
19,0,1,-1
19,0,2,-1
19,0,3,-1
19,0,4,-1
19,0,5,-1
19,0,6,-1
19,0,7,-1
19,0,8,-1
19,0,9,-1
19,0,10,-1
19,1,0,-1
19,1,1,-1
19,1,2,-1
19,1,3,-1
19,1,4,-1
19,1,5,-1
19,1,6,-1
19,1,7,-1
19,1,8,-1
19,1,9,-1
19,1,10,-1
19,2,0,-1
19,2,1,-1
19,2,2,-1
19,2,3,2
19,2,4,6
19,2,5,-1
19,2,6,-1
19,2,7,-1
19,2,8,-1
19,2,9,-1
19,2,10,-1
19,3,0,-1
19,3,1,-1
19,3,2,-1
19,3,3,2
19,3,4,6
19,3,5,-1
19,3,6,-1
19,3,7,-1
19,3,8,-1
19,3,9,-1
19,3,10,-1
19,4,0,-1
19,4,1,-1
19,4,2,-1
19,4,3,2
19,4,4,6
19,4,5,-1
19,4,6,-1
19,4,7,-1
19,4,8,-1
19,4,9,-1
19,4,10,-1
19,5,0,-1
19,5,1,-1
19,5,2,-1
19,5,3,2
19,5,4,6
19,5,5,-1
19,5,6,-1
19,5,7,-1
19,5,8,-1
19,5,9,-1
19,5,10,-1
19,6,0,-1
19,6,1,-1
19,6,2,-1
19,6,3,12
19,6,4,6
19,6,5,-1
19,6,6,-1
19,6,7,-1
19,6,8,-1
19,6,9,-1
19,6,10,-1
19,7,0,-1
19,7,1,-1
19,7,2,-1
19,7,3,12
19,7,4,3
19,7,5,-1
19,7,6,-1
19,7,7,-1
19,7,8,-1
19,7,9,-1
19,7,10,-1
19,8,0,-1
19,8,1,-1
19,8,2,-1
19,8,3,12
19,8,4,3
19,8,5,-1
19,8,6,-1
19,8,7,-1
19,8,8,-1
19,8,9,-1
19,8,10,-1
19,9,0,-1
19,9,1,-1
19,9,2,-1
19,9,3,12
19,9,4,3
19,9,5,-1
19,9,6,-1
19,9,7,-1
19,9,8,-1
19,9,9,-1
19,9,10,-1
19,10,0,-1
19,10,1,-1
19,10,2,-1
19,10,3,12
19,10,4,3
19,10,5,-1
19,10,6,-1
19,10,7,-1
19,10,8,-1
19,10,9,-1
19,10,10,-1
19,11,0,-1
19,11,1,-1
19,11,2,-1
19,11,3,2
19,11,4,3
19,11,5,-1
19,11,6,-1
19,11,7,-1
19,11,8,-1
19,11,9,-1
19,11,10,-1
19,12,0,-1
19,12,1,-1
19,12,2,-1
19,12,3,2
19,12,4,-1
19,12,5,-1
19,12,6,-1
19,12,7,-1
19,12,8,-1
19,12,9,-1
19,12,10,-1
19,13,0,-1
19,13,1,-1
19,13,2,-1
19,13,3,2
19,13,4,-1
19,13,5,-1
19,13,6,-1
19,13,7,-1
19,13,8,-1
19,13,9,-1
19,13,10,-1
19,14,0,-1
19,14,1,-1
19,14,2,-1
19,14,3,8
19,14,4,-1
19,14,5,-1
19,14,6,-1
19,14,7,-1
19,14,8,-1
19,14,9,-1
19,14,10,-1
19,15,0,-1
19,15,1,-1
19,15,2,-1
19,15,3,8
19,15,4,-1
19,15,5,-1
19,15,6,-1
19,15,7,-1
19,15,8,-1
19,15,9,-1
19,15,10,-1
19,16,0,-1
19,16,1,-1
19,16,2,-1
19,16,3,8
19,16,4,-1
19,16,5,-1
19,16,6,-1
19,16,7,-1
19,16,8,-1
19,16,9,-1
19,16,10,-1
19,17,0,-1
19,17,1,-1
19,17,2,-1
19,17,3,8
19,17,4,-1
19,17,5,-1
19,17,6,-1
19,17,7,-1
19,17,8,-1
19,17,9,-1
19,17,10,-1
19,18,0,-1
19,18,1,-1
19,18,2,-1
19,18,3,8
19,18,4,-1
19,18,5,-1
19,18,6,-1
19,18,7,-1
19,18,8,-1
19,18,9,-1
19,18,10,-1
19,19,0,-1
19,19,1,-1
19,19,2,-1
19,19,3,8
19,19,4,-1
19,19,5,-1
19,19,6,-1
19,19,7,-1
19,19,8,-1
19,19,9,-1
19,19,10,-1
19,20,0,-1
19,20,1,-1
19,20,2,-1
19,20,3,8
19,20,4,-1
19,20,5,-1
19,20,6,-1
19,20,7,-1
19,20,8,-1
19,20,9,-1
19,20,10,-1
19,21,0,-1
19,21,1,-1
19,21,2,-1
19,21,3,8
19,21,4,-1
19,21,5,-1
19,21,6,-1
19,21,7,-1
19,21,8,-1
19,21,9,-1
19,21,10,-1
19,22,0,-1
19,22,1,-1
19,22,2,-1
19,22,3,8
19,22,4,-1
19,22,5,-1
19,22,6,-1
19,22,7,-1
19,22,8,-1
19,22,9,-1
19,22,10,-1
19,23,0,-1
19,23,1,-1
19,23,2,-1
19,23,3,8
19,23,4,-1
19,23,5,-1
19,23,6,-1
19,23,7,-1
19,23,8,-1
19,23,9,-1
19,23,10,-1
19,24,0,-1
19,24,1,-1
19,24,2,-1
19,24,3,8
19,24,4,-1
19,24,5,-1
19,24,6,-1
19,24,7,-1
19,24,8,-1
19,24,9,-1
19,24,10,-1
19,25,0,-1
19,25,1,-1
19,25,2,-1
19,25,3,8
19,25,4,-1
19,25,5,-1
19,25,6,-1
19,25,7,-1
19,25,8,-1
19,25,9,-1
19,25,10,-1
19,26,0,-1
19,26,1,-1
19,26,2,-1
19,26,3,-1
19,26,4,-1
19,26,5,-1
19,26,6,-1
19,26,7,-1
19,26,8,-1
19,26,9,-1
19,26,10,-1
19,27,0,-1
19,27,1,-1
19,27,2,-1
19,27,3,-1
19,27,4,-1
19,27,5,-1
19,27,6,-1
19,27,7,-1
19,27,8,-1
19,27,9,-1
19,27,10,-1
19,28,0,-1
19,28,1,-1
19,28,2,-1
19,28,3,-1
19,28,4,-1
19,28,5,-1
19,28,6,-1
19,28,7,-1
19,28,8,-1
19,28,9,-1
19,28,10,-1
19,29,0,-1
19,29,1,-1
19,29,2,-1
19,29,3,-1
19,29,4,-1
19,29,5,-1
19,29,6,-1
19,29,7,-1
19,29,8,-1
19,29,9,-1
19,29,10,-1
19,30,0,-1
19,30,1,-1
19,30,2,-1
19,30,3,-1
19,30,4,-1
19,30,5,-1
19,30,6,-1
19,30,7,-1
19,30,8,-1
19,30,9,-1
19,30,10,-1
19,31,0,-1
19,31,1,-1
19,31,2,-1
19,31,3,-1
19,31,4,-1
19,31,5,-1
19,31,6,-1
19,31,7,-1
19,31,8,-1
19,31,9,-1
19,31,10,-1
19,32,0,-1
19,32,1,-1
19,32,2,-1
19,32,3,-1
19,32,4,-1
19,32,5,-1
19,32,6,-1
19,32,7,-1
19,32,8,-1
19,32,9,-1
19,32,10,-1
19,33,0,-1
19,33,1,-1
19,33,2,-1
19,33,3,-1
19,33,4,-1
19,33,5,-1
19,33,6,-1
19,33,7,-1
19,33,8,-1
19,33,9,-1
19,33,10,-1
19,34,0,-1
19,34,1,-1
19,34,2,-1
19,34,3,-1
19,34,4,-1
19,34,5,-1
19,34,6,-1
19,34,7,-1
19,34,8,-1
19,34,9,-1
19,34,10,-1
19,35,0,-1
19,35,1,-1
19,35,2,-1
19,35,3,-1
19,35,4,-1
19,35,5,-1
19,35,6,-1
19,35,7,-1
19,35,8,-1
19,35,9,-1
19,35,10,-1
19,36,0,-1
19,36,1,-1
19,36,2,-1
19,36,3,-1
19,36,4,-1
19,36,5,-1
19,36,6,-1
19,36,7,-1
19,36,8,-1
19,36,9,-1
19,36,10,-1
19,37,0,-1
19,37,1,-1
19,37,2,-1
19,37,3,-1
19,37,4,-1
19,37,5,-1
19,37,6,-1
19,37,7,-1
19,37,8,-1
19,37,9,-1
19,37,10,-1
19,38,0,-1
19,38,1,-1
19,38,2,-1
19,38,3,-1
19,38,4,-1
19,38,5,-1
19,38,6,-1
19,38,7,-1
19,38,8,-1
19,38,9,-1
19,38,10,-1
19,39,0,-1
19,39,1,-1
19,39,2,-1
19,39,3,-1
19,39,4,-1
19,39,5,-1
19,39,6,-1
19,39,7,-1
19,39,8,-1
19,39,9,-1
19,39,10,-1
20,0,0,-1
20,0,1,-1
20,0,2,-1
20,0,3,-1
20,0,4,-1
20,0,5,-1
20,0,6,-1
20,0,7,-1
20,0,8,-1
20,0,9,-1
20,0,10,-1
20,1,0,-1
20,1,1,-1
20,1,2,-1
20,1,3,-1
20,1,4,-1
20,1,5,-1
20,1,6,-1
20,1,7,-1
20,1,8,-1
20,1,9,-1
20,1,10,-1
20,2,0,-1
20,2,1,-1
20,2,2,-1
20,2,3,2
20,2,4,6
20,2,5,-1
20,2,6,-1
20,2,7,-1
20,2,8,-1
20,2,9,-1
20,2,10,-1
20,3,0,-1
20,3,1,-1
20,3,2,-1
20,3,3,2
20,3,4,6
20,3,5,-1
20,3,6,-1
20,3,7,-1
20,3,8,-1
20,3,9,-1
20,3,10,-1
20,4,0,-1
20,4,1,-1
20,4,2,-1
20,4,3,2
20,4,4,6
20,4,5,-1
20,4,6,-1
20,4,7,-1
20,4,8,-1
20,4,9,-1
20,4,10,-1
20,5,0,-1
20,5,1,-1
20,5,2,-1
20,5,3,2
20,5,4,6
20,5,5,-1
20,5,6,-1
20,5,7,-1
20,5,8,-1
20,5,9,-1
20,5,10,-1
20,6,0,-1
20,6,1,-1
20,6,2,-1
20,6,3,12
20,6,4,6
20,6,5,-1
20,6,6,-1
20,6,7,-1
20,6,8,-1
20,6,9,-1
20,6,10,-1
20,7,0,-1
20,7,1,-1
20,7,2,-1
20,7,3,12
20,7,4,3
20,7,5,-1
20,7,6,-1
20,7,7,-1
20,7,8,-1
20,7,9,-1
20,7,10,-1
20,8,0,-1
20,8,1,-1
20,8,2,-1
20,8,3,2
20,8,4,3
20,8,5,-1
20,8,6,-1
20,8,7,-1
20,8,8,-1
20,8,9,-1
20,8,10,-1
20,9,0,-1
20,9,1,-1
20,9,2,-1
20,9,3,2
20,9,4,3
20,9,5,-1
20,9,6,-1
20,9,7,-1
20,9,8,-1
20,9,9,-1
20,9,10,-1
20,10,0,-1
20,10,1,-1
20,10,2,-1
20,10,3,2
20,10,4,3
20,10,5,-1
20,10,6,-1
20,10,7,-1
20,10,8,-1
20,10,9,-1
20,10,10,-1
20,11,0,-1
20,11,1,-1
20,11,2,-1
20,11,3,2
20,11,4,3
20,11,5,-1
20,11,6,-1
20,11,7,-1
20,11,8,-1
20,11,9,-1
20,11,10,-1
20,12,0,-1
20,12,1,-1
20,12,2,-1
20,12,3,2
20,12,4,-1
20,12,5,-1
20,12,6,-1
20,12,7,-1
20,12,8,-1
20,12,9,-1
20,12,10,-1
20,13,0,-1
20,13,1,-1
20,13,2,-1
20,13,3,2
20,13,4,-1
20,13,5,-1
20,13,6,-1
20,13,7,-1
20,13,8,-1
20,13,9,-1
20,13,10,-1
20,14,0,-1
20,14,1,-1
20,14,2,-1
20,14,3,8
20,14,4,-1
20,14,5,-1
20,14,6,-1
20,14,7,-1
20,14,8,-1
20,14,9,-1
20,14,10,-1
20,15,0,-1
20,15,1,-1
20,15,2,-1
20,15,3,8
20,15,4,-1
20,15,5,-1
20,15,6,-1
20,15,7,-1
20,15,8,-1
20,15,9,-1
20,15,10,-1
20,16,0,-1
20,16,1,-1
20,16,2,-1
20,16,3,8
20,16,4,-1
20,16,5,-1
20,16,6,-1
20,16,7,-1
20,16,8,-1
20,16,9,-1
20,16,10,-1
20,17,0,-1
20,17,1,-1
20,17,2,-1
20,17,3,8
20,17,4,-1
20,17,5,-1
20,17,6,-1
20,17,7,-1
20,17,8,-1
20,17,9,-1
20,17,10,-1
20,18,0,-1
20,18,1,-1
20,18,2,-1
20,18,3,8
20,18,4,-1
20,18,5,-1
20,18,6,-1
20,18,7,-1
20,18,8,-1
20,18,9,-1
20,18,10,-1
20,19,0,-1
20,19,1,-1
20,19,2,-1
20,19,3,8
20,19,4,-1
20,19,5,-1
20,19,6,-1
20,19,7,-1
20,19,8,-1
20,19,9,-1
20,19,10,-1
20,20,0,-1
20,20,1,-1
20,20,2,-1
20,20,3,8
20,20,4,-1
20,20,5,-1
20,20,6,-1
20,20,7,-1
20,20,8,-1
20,20,9,-1
20,20,10,-1
20,21,0,-1
20,21,1,-1
20,21,2,-1
20,21,3,8
20,21,4,-1
20,21,5,-1
20,21,6,-1
20,21,7,-1
20,21,8,-1
20,21,9,-1
20,21,10,-1
20,22,0,-1
20,22,1,-1
20,22,2,-1
20,22,3,8
20,22,4,-1
20,22,5,-1
20,22,6,-1
20,22,7,-1
20,22,8,-1
20,22,9,-1
20,22,10,-1
20,23,0,-1
20,23,1,-1
20,23,2,-1
20,23,3,8
20,23,4,-1
20,23,5,-1
20,23,6,-1
20,23,7,-1
20,23,8,-1
20,23,9,-1
20,23,10,-1
20,24,0,-1
20,24,1,-1
20,24,2,-1
20,24,3,8
20,24,4,-1
20,24,5,-1
20,24,6,-1
20,24,7,-1
20,24,8,-1
20,24,9,-1
20,24,10,-1
20,25,0,-1
20,25,1,-1
20,25,2,-1
20,25,3,8
20,25,4,-1
20,25,5,-1
20,25,6,-1
20,25,7,-1
20,25,8,-1
20,25,9,-1
20,25,10,-1
20,26,0,-1
20,26,1,-1
20,26,2,-1
20,26,3,-1
20,26,4,-1
20,26,5,-1
20,26,6,-1
20,26,7,-1
20,26,8,-1
20,26,9,-1
20,26,10,-1
20,27,0,-1
20,27,1,-1
20,27,2,-1
20,27,3,-1
20,27,4,-1
20,27,5,-1
20,27,6,-1
20,27,7,-1
20,27,8,-1
20,27,9,-1
20,27,10,-1
20,28,0,-1
20,28,1,-1
20,28,2,-1
20,28,3,-1
20,28,4,-1
20,28,5,-1
20,28,6,-1
20,28,7,-1
20,28,8,-1
20,28,9,-1
20,28,10,-1
20,29,0,-1
20,29,1,-1
20,29,2,-1
20,29,3,-1
20,29,4,-1
20,29,5,-1
20,29,6,-1
20,29,7,-1
20,29,8,-1
20,29,9,-1
20,29,10,-1
20,30,0,-1
20,30,1,-1
20,30,2,-1
20,30,3,-1
20,30,4,-1
20,30,5,-1
20,30,6,-1
20,30,7,-1
20,30,8,-1
20,30,9,-1
20,30,10,-1
20,31,0,-1
20,31,1,-1
20,31,2,-1
20,31,3,-1
20,31,4,-1
20,31,5,-1
20,31,6,-1
20,31,7,-1
20,31,8,-1
20,31,9,-1
20,31,10,-1
20,32,0,-1
20,32,1,-1
20,32,2,-1
20,32,3,-1
20,32,4,-1
20,32,5,-1
20,32,6,-1
20,32,7,-1
20,32,8,-1
20,32,9,-1
20,32,10,-1
20,33,0,-1
20,33,1,-1
20,33,2,-1
20,33,3,-1
20,33,4,-1
20,33,5,-1
20,33,6,-1
20,33,7,-1
20,33,8,-1
20,33,9,-1
20,33,10,-1
20,34,0,-1
20,34,1,-1
20,34,2,-1
20,34,3,-1
20,34,4,-1
20,34,5,-1
20,34,6,-1
20,34,7,-1
20,34,8,-1
20,34,9,-1
20,34,10,-1
20,35,0,-1
20,35,1,-1
20,35,2,-1
20,35,3,-1
20,35,4,-1
20,35,5,-1
20,35,6,-1
20,35,7,-1
20,35,8,-1
20,35,9,-1
20,35,10,-1
20,36,0,-1
20,36,1,-1
20,36,2,-1
20,36,3,-1
20,36,4,-1
20,36,5,-1
20,36,6,-1
20,36,7,-1
20,36,8,-1
20,36,9,-1
20,36,10,-1
20,37,0,-1
20,37,1,-1
20,37,2,-1
20,37,3,-1
20,37,4,-1
20,37,5,-1
20,37,6,-1
20,37,7,-1
20,37,8,-1
20,37,9,-1
20,37,10,-1
20,38,0,-1
20,38,1,-1
20,38,2,-1
20,38,3,-1
20,38,4,-1
20,38,5,-1
20,38,6,-1
20,38,7,-1
20,38,8,-1
20,38,9,-1
20,38,10,-1
20,39,0,-1
20,39,1,-1
20,39,2,-1
20,39,3,-1
20,39,4,-1
20,39,5,-1
20,39,6,-1
20,39,7,-1
20,39,8,-1
20,39,9,-1
20,39,10,-1
21,0,0,-1
21,0,1,-1
21,0,2,-1
21,0,3,-1
21,0,4,-1
21,0,5,-1
21,0,6,-1
21,0,7,-1
21,0,8,-1
21,0,9,-1
21,0,10,-1
21,1,0,-1
21,1,1,-1
21,1,2,-1
21,1,3,-1
21,1,4,-1
21,1,5,-1
21,1,6,-1
21,1,7,-1
21,1,8,-1
21,1,9,-1
21,1,10,-1
21,2,0,-1
21,2,1,-1
21,2,2,-1
21,2,3,18
21,2,4,6
21,2,5,-1
21,2,6,-1
21,2,7,-1
21,2,8,-1
21,2,9,-1
21,2,10,-1
21,3,0,-1
21,3,1,-1
21,3,2,-1
21,3,3,18
21,3,4,6
21,3,5,-1
21,3,6,-1
21,3,7,-1
21,3,8,-1
21,3,9,-1
21,3,10,-1
21,4,0,-1
21,4,1,-1
21,4,2,-1
21,4,3,2
21,4,4,6
21,4,5,-1
21,4,6,-1
21,4,7,-1
21,4,8,-1
21,4,9,-1
21,4,10,-1
21,5,0,-1
21,5,1,-1
21,5,2,-1
21,5,3,2
21,5,4,6
21,5,5,-1
21,5,6,-1
21,5,7,-1
21,5,8,-1
21,5,9,-1
21,5,10,-1
21,6,0,-1
21,6,1,-1
21,6,2,-1
21,6,3,2
21,6,4,6
21,6,5,-1
21,6,6,-1
21,6,7,-1
21,6,8,-1
21,6,9,-1
21,6,10,-1
21,7,0,-1
21,7,1,-1
21,7,2,-1
21,7,3,2
21,7,4,3
21,7,5,-1
21,7,6,-1
21,7,7,-1
21,7,8,-1
21,7,9,-1
21,7,10,-1
21,8,0,-1
21,8,1,-1
21,8,2,-1
21,8,3,2
21,8,4,3
21,8,5,-1
21,8,6,-1
21,8,7,-1
21,8,8,-1
21,8,9,-1
21,8,10,-1
21,9,0,-1
21,9,1,-1
21,9,2,-1
21,9,3,2
21,9,4,3
21,9,5,-1
21,9,6,-1
21,9,7,-1
21,9,8,-1
21,9,9,-1
21,9,10,-1
21,10,0,-1
21,10,1,-1
21,10,2,-1
21,10,3,2
21,10,4,3
21,10,5,-1
21,10,6,-1
21,10,7,-1
21,10,8,-1
21,10,9,-1
21,10,10,-1
21,11,0,-1
21,11,1,-1
21,11,2,-1
21,11,3,2
21,11,4,3
21,11,5,-1
21,11,6,-1
21,11,7,-1
21,11,8,-1
21,11,9,-1
21,11,10,-1
21,12,0,-1
21,12,1,-1
21,12,2,-1
21,12,3,2
21,12,4,-1
21,12,5,-1
21,12,6,-1
21,12,7,-1
21,12,8,-1
21,12,9,-1
21,12,10,-1
21,13,0,-1
21,13,1,-1
21,13,2,-1
21,13,3,2
21,13,4,-1
21,13,5,-1
21,13,6,-1
21,13,7,-1
21,13,8,-1
21,13,9,-1
21,13,10,-1
21,14,0,-1
21,14,1,-1
21,14,2,-1
21,14,3,8
21,14,4,-1
21,14,5,-1
21,14,6,-1
21,14,7,-1
21,14,8,-1
21,14,9,-1
21,14,10,-1
21,15,0,-1
21,15,1,-1
21,15,2,-1
21,15,3,8
21,15,4,-1
21,15,5,-1
21,15,6,-1
21,15,7,-1
21,15,8,-1
21,15,9,-1
21,15,10,-1
21,16,0,-1
21,16,1,-1
21,16,2,-1
21,16,3,8
21,16,4,-1
21,16,5,-1
21,16,6,-1
21,16,7,-1
21,16,8,-1
21,16,9,-1
21,16,10,-1
21,17,0,-1
21,17,1,-1
21,17,2,-1
21,17,3,8
21,17,4,-1
21,17,5,-1
21,17,6,-1
21,17,7,-1
21,17,8,-1
21,17,9,-1
21,17,10,-1
21,18,0,-1
21,18,1,-1
21,18,2,-1
21,18,3,8
21,18,4,-1
21,18,5,-1
21,18,6,-1
21,18,7,-1
21,18,8,-1
21,18,9,-1
21,18,10,-1
21,19,0,-1
21,19,1,-1
21,19,2,-1
21,19,3,8
21,19,4,-1
21,19,5,-1
21,19,6,-1
21,19,7,-1
21,19,8,-1
21,19,9,-1
21,19,10,-1
21,20,0,-1
21,20,1,-1
21,20,2,-1
21,20,3,8
21,20,4,-1
21,20,5,-1
21,20,6,-1
21,20,7,-1
21,20,8,-1
21,20,9,-1
21,20,10,-1
21,21,0,-1
21,21,1,-1
21,21,2,-1
21,21,3,8
21,21,4,-1
21,21,5,-1
21,21,6,-1
21,21,7,-1
21,21,8,-1
21,21,9,-1
21,21,10,-1
21,22,0,-1
21,22,1,-1
21,22,2,-1
21,22,3,8
21,22,4,-1
21,22,5,-1
21,22,6,-1
21,22,7,-1
21,22,8,-1
21,22,9,-1
21,22,10,-1
21,23,0,-1
21,23,1,-1
21,23,2,-1
21,23,3,8
21,23,4,-1
21,23,5,-1
21,23,6,-1
21,23,7,-1
21,23,8,-1
21,23,9,-1
21,23,10,-1
21,24,0,-1
21,24,1,-1
21,24,2,-1
21,24,3,8
21,24,4,-1
21,24,5,-1
21,24,6,-1
21,24,7,-1
21,24,8,-1
21,24,9,-1
21,24,10,-1
21,25,0,-1
21,25,1,-1
21,25,2,-1
21,25,3,8
21,25,4,-1
21,25,5,-1
21,25,6,-1
21,25,7,-1
21,25,8,-1
21,25,9,-1
21,25,10,-1
21,26,0,-1
21,26,1,-1
21,26,2,-1
21,26,3,-1
21,26,4,-1
21,26,5,-1
21,26,6,-1
21,26,7,-1
21,26,8,-1
21,26,9,-1
21,26,10,-1
21,27,0,-1
21,27,1,-1
21,27,2,-1
21,27,3,-1
21,27,4,-1
21,27,5,-1
21,27,6,-1
21,27,7,-1
21,27,8,-1
21,27,9,-1
21,27,10,-1
21,28,0,-1
21,28,1,-1
21,28,2,-1
21,28,3,-1
21,28,4,-1
21,28,5,-1
21,28,6,-1
21,28,7,-1
21,28,8,-1
21,28,9,-1
21,28,10,-1
21,29,0,-1
21,29,1,-1
21,29,2,-1
21,29,3,-1
21,29,4,-1
21,29,5,-1
21,29,6,-1
21,29,7,-1
21,29,8,-1
21,29,9,-1
21,29,10,-1
21,30,0,-1
21,30,1,-1
21,30,2,-1
21,30,3,-1
21,30,4,-1
21,30,5,-1
21,30,6,-1
21,30,7,-1
21,30,8,-1
21,30,9,-1
21,30,10,-1
21,31,0,-1
21,31,1,-1
21,31,2,-1
21,31,3,-1
21,31,4,-1
21,31,5,-1
21,31,6,-1
21,31,7,-1
21,31,8,-1
21,31,9,-1
21,31,10,-1
21,32,0,-1
21,32,1,-1
21,32,2,-1
21,32,3,-1
21,32,4,-1
21,32,5,-1
21,32,6,-1
21,32,7,-1
21,32,8,-1
21,32,9,-1
21,32,10,-1
21,33,0,-1
21,33,1,-1
21,33,2,-1
21,33,3,-1
21,33,4,-1
21,33,5,-1
21,33,6,-1
21,33,7,-1
21,33,8,-1
21,33,9,-1
21,33,10,-1
21,34,0,-1
21,34,1,-1
21,34,2,-1
21,34,3,-1
21,34,4,-1
21,34,5,-1
21,34,6,-1
21,34,7,-1
21,34,8,-1
21,34,9,-1
21,34,10,-1
21,35,0,-1
21,35,1,-1
21,35,2,-1
21,35,3,-1
21,35,4,-1
21,35,5,-1
21,35,6,-1
21,35,7,-1
21,35,8,-1
21,35,9,-1
21,35,10,-1
21,36,0,-1
21,36,1,-1
21,36,2,-1
21,36,3,-1
21,36,4,-1
21,36,5,-1
21,36,6,-1
21,36,7,-1
21,36,8,-1
21,36,9,-1
21,36,10,-1
21,37,0,-1
21,37,1,-1
21,37,2,-1
21,37,3,-1
21,37,4,-1
21,37,5,-1
21,37,6,-1
21,37,7,-1
21,37,8,-1
21,37,9,-1
21,37,10,-1
21,38,0,-1
21,38,1,-1
21,38,2,-1
21,38,3,-1
21,38,4,-1
21,38,5,-1
21,38,6,-1
21,38,7,-1
21,38,8,-1
21,38,9,-1
21,38,10,-1
21,39,0,-1
21,39,1,-1
21,39,2,-1
21,39,3,-1
21,39,4,-1
21,39,5,-1
21,39,6,-1
21,39,7,-1
21,39,8,-1
21,39,9,-1
21,39,10,-1
22,0,0,-1
22,0,1,-1
22,0,2,-1
22,0,3,-1
22,0,4,-1
22,0,5,-1
22,0,6,-1
22,0,7,-1
22,0,8,-1
22,0,9,-1
22,0,10,-1
22,1,0,-1
22,1,1,-1
22,1,2,-1
22,1,3,-1
22,1,4,-1
22,1,5,-1
22,1,6,-1
22,1,7,-1
22,1,8,-1
22,1,9,-1
22,1,10,-1
22,2,0,-1
22,2,1,-1
22,2,2,-1
22,2,3,18
22,2,4,6
22,2,5,-1
22,2,6,-1
22,2,7,-1
22,2,8,-1
22,2,9,-1
22,2,10,-1
22,3,0,-1
22,3,1,-1
22,3,2,-1
22,3,3,18
22,3,4,6
22,3,5,-1
22,3,6,-1
22,3,7,-1
22,3,8,-1
22,3,9,-1
22,3,10,-1
22,4,0,-1
22,4,1,-1
22,4,2,-1
22,4,3,2
22,4,4,6
22,4,5,-1
22,4,6,-1
22,4,7,-1
22,4,8,-1
22,4,9,-1
22,4,10,-1
22,5,0,-1
22,5,1,-1
22,5,2,-1
22,5,3,2
22,5,4,6
22,5,5,-1
22,5,6,-1
22,5,7,-1
22,5,8,-1
22,5,9,-1
22,5,10,-1
22,6,0,-1
22,6,1,-1
22,6,2,-1
22,6,3,2
22,6,4,6
22,6,5,-1
22,6,6,-1
22,6,7,-1
22,6,8,-1
22,6,9,-1
22,6,10,-1
22,7,0,-1
22,7,1,-1
22,7,2,-1
22,7,3,2
22,7,4,3
22,7,5,-1
22,7,6,-1
22,7,7,-1
22,7,8,-1
22,7,9,-1
22,7,10,-1
22,8,0,-1
22,8,1,-1
22,8,2,-1
22,8,3,2
22,8,4,3
22,8,5,-1
22,8,6,-1
22,8,7,-1
22,8,8,-1
22,8,9,-1
22,8,10,-1
22,9,0,-1
22,9,1,-1
22,9,2,-1
22,9,3,2
22,9,4,3
22,9,5,-1
22,9,6,-1
22,9,7,-1
22,9,8,-1
22,9,9,-1
22,9,10,-1
22,10,0,-1
22,10,1,-1
22,10,2,-1
22,10,3,2
22,10,4,3
22,10,5,-1
22,10,6,-1
22,10,7,-1
22,10,8,-1
22,10,9,-1
22,10,10,-1
22,11,0,-1
22,11,1,-1
22,11,2,-1
22,11,3,2
22,11,4,3
22,11,5,-1
22,11,6,-1
22,11,7,-1
22,11,8,-1
22,11,9,-1
22,11,10,-1
22,12,0,-1
22,12,1,-1
22,12,2,-1
22,12,3,2
22,12,4,-1
22,12,5,-1
22,12,6,-1
22,12,7,-1
22,12,8,-1
22,12,9,-1
22,12,10,-1
22,13,0,-1
22,13,1,-1
22,13,2,-1
22,13,3,2
22,13,4,-1
22,13,5,-1
22,13,6,-1
22,13,7,-1
22,13,8,-1
22,13,9,-1
22,13,10,-1
22,14,0,-1
22,14,1,-1
22,14,2,-1
22,14,3,2
22,14,4,-1
22,14,5,-1
22,14,6,-1
22,14,7,-1
22,14,8,-1
22,14,9,-1
22,14,10,-1
22,15,0,-1
22,15,1,-1
22,15,2,-1
22,15,3,2
22,15,4,-1
22,15,5,-1
22,15,6,-1
22,15,7,-1
22,15,8,-1
22,15,9,-1
22,15,10,-1
22,16,0,-1
22,16,1,-1
22,16,2,-1
22,16,3,2
22,16,4,-1
22,16,5,-1
22,16,6,-1
22,16,7,-1
22,16,8,-1
22,16,9,-1
22,16,10,-1
22,17,0,-1
22,17,1,-1
22,17,2,-1
22,17,3,2
22,17,4,-1
22,17,5,-1
22,17,6,-1
22,17,7,-1
22,17,8,-1
22,17,9,-1
22,17,10,-1
22,18,0,-1
22,18,1,-1
22,18,2,-1
22,18,3,2
22,18,4,-1
22,18,5,-1
22,18,6,-1
22,18,7,-1
22,18,8,-1
22,18,9,-1
22,18,10,-1
22,19,0,-1
22,19,1,-1
22,19,2,-1
22,19,3,2
22,19,4,-1
22,19,5,-1
22,19,6,-1
22,19,7,-1
22,19,8,-1
22,19,9,-1
22,19,10,-1
22,20,0,-1
22,20,1,-1
22,20,2,-1
22,20,3,2
22,20,4,-1
22,20,5,-1
22,20,6,-1
22,20,7,-1
22,20,8,-1
22,20,9,-1
22,20,10,-1
22,21,0,-1
22,21,1,-1
22,21,2,-1
22,21,3,2
22,21,4,-1
22,21,5,-1
22,21,6,-1
22,21,7,-1
22,21,8,-1
22,21,9,-1
22,21,10,-1
22,22,0,-1
22,22,1,-1
22,22,2,-1
22,22,3,2
22,22,4,-1
22,22,5,-1
22,22,6,-1
22,22,7,-1
22,22,8,-1
22,22,9,-1
22,22,10,-1
22,23,0,-1
22,23,1,-1
22,23,2,-1
22,23,3,2
22,23,4,-1
22,23,5,-1
22,23,6,-1
22,23,7,-1
22,23,8,-1
22,23,9,-1
22,23,10,-1
22,24,0,-1
22,24,1,-1
22,24,2,-1
22,24,3,-1
22,24,4,-1
22,24,5,-1
22,24,6,-1
22,24,7,-1
22,24,8,-1
22,24,9,-1
22,24,10,-1
22,25,0,-1
22,25,1,-1
22,25,2,-1
22,25,3,-1
22,25,4,-1
22,25,5,-1
22,25,6,-1
22,25,7,-1
22,25,8,-1
22,25,9,-1
22,25,10,-1
22,26,0,-1
22,26,1,-1
22,26,2,-1
22,26,3,-1
22,26,4,-1
22,26,5,-1
22,26,6,-1
22,26,7,-1
22,26,8,-1
22,26,9,-1
22,26,10,-1
22,27,0,-1
22,27,1,-1
22,27,2,-1
22,27,3,-1
22,27,4,-1
22,27,5,-1
22,27,6,-1
22,27,7,-1
22,27,8,-1
22,27,9,-1
22,27,10,-1
22,28,0,-1
22,28,1,-1
22,28,2,-1
22,28,3,-1
22,28,4,-1
22,28,5,-1
22,28,6,-1
22,28,7,-1
22,28,8,-1
22,28,9,-1
22,28,10,-1
22,29,0,-1
22,29,1,-1
22,29,2,-1
22,29,3,-1
22,29,4,-1
22,29,5,-1
22,29,6,-1
22,29,7,-1
22,29,8,-1
22,29,9,-1
22,29,10,-1
22,30,0,-1
22,30,1,-1
22,30,2,-1
22,30,3,-1
22,30,4,-1
22,30,5,-1
22,30,6,-1
22,30,7,-1
22,30,8,-1
22,30,9,-1
22,30,10,-1
22,31,0,-1
22,31,1,-1
22,31,2,-1
22,31,3,-1
22,31,4,-1
22,31,5,-1
22,31,6,-1
22,31,7,-1
22,31,8,-1
22,31,9,-1
22,31,10,-1
22,32,0,-1
22,32,1,-1
22,32,2,-1
22,32,3,-1
22,32,4,-1
22,32,5,-1
22,32,6,-1
22,32,7,-1
22,32,8,-1
22,32,9,-1
22,32,10,-1
22,33,0,-1
22,33,1,-1
22,33,2,-1
22,33,3,-1
22,33,4,-1
22,33,5,-1
22,33,6,-1
22,33,7,-1
22,33,8,-1
22,33,9,-1
22,33,10,-1
22,34,0,-1
22,34,1,-1
22,34,2,-1
22,34,3,-1
22,34,4,-1
22,34,5,-1
22,34,6,-1
22,34,7,-1
22,34,8,-1
22,34,9,-1
22,34,10,-1
22,35,0,-1
22,35,1,-1
22,35,2,-1
22,35,3,-1
22,35,4,-1
22,35,5,-1
22,35,6,-1
22,35,7,-1
22,35,8,-1
22,35,9,-1
22,35,10,-1
22,36,0,-1
22,36,1,-1
22,36,2,-1
22,36,3,-1
22,36,4,-1
22,36,5,-1
22,36,6,-1
22,36,7,-1
22,36,8,-1
22,36,9,-1
22,36,10,-1
22,37,0,-1
22,37,1,-1
22,37,2,-1
22,37,3,-1
22,37,4,-1
22,37,5,-1
22,37,6,-1
22,37,7,-1
22,37,8,-1
22,37,9,-1
22,37,10,-1
22,38,0,-1
22,38,1,-1
22,38,2,-1
22,38,3,-1
22,38,4,-1
22,38,5,-1
22,38,6,-1
22,38,7,-1
22,38,8,-1
22,38,9,-1
22,38,10,-1
22,39,0,-1
22,39,1,-1
22,39,2,-1
22,39,3,-1
22,39,4,-1
22,39,5,-1
22,39,6,-1
22,39,7,-1
22,39,8,-1
22,39,9,-1
22,39,10,-1
23,0,0,-1
23,0,1,-1
23,0,2,-1
23,0,3,-1
23,0,4,-1
23,0,5,-1
23,0,6,-1
23,0,7,-1
23,0,8,-1
23,0,9,-1
23,0,10,-1
23,1,0,-1
23,1,1,-1
23,1,2,-1
23,1,3,-1
23,1,4,-1
23,1,5,-1
23,1,6,-1
23,1,7,-1
23,1,8,-1
23,1,9,-1
23,1,10,-1
23,2,0,-1
23,2,1,-1
23,2,2,-1
23,2,3,18
23,2,4,6
23,2,5,-1
23,2,6,-1
23,2,7,-1
23,2,8,-1
23,2,9,-1
23,2,10,-1
23,3,0,-1
23,3,1,-1
23,3,2,-1
23,3,3,18
23,3,4,6
23,3,5,-1
23,3,6,-1
23,3,7,-1
23,3,8,-1
23,3,9,-1
23,3,10,-1
23,4,0,-1
23,4,1,-1
23,4,2,-1
23,4,3,2
23,4,4,6
23,4,5,-1
23,4,6,-1
23,4,7,-1
23,4,8,-1
23,4,9,-1
23,4,10,-1
23,5,0,-1
23,5,1,-1
23,5,2,-1
23,5,3,2
23,5,4,6
23,5,5,-1
23,5,6,-1
23,5,7,-1
23,5,8,-1
23,5,9,-1
23,5,10,-1
23,6,0,-1
23,6,1,-1
23,6,2,-1
23,6,3,2
23,6,4,6
23,6,5,-1
23,6,6,-1
23,6,7,-1
23,6,8,-1
23,6,9,-1
23,6,10,-1
23,7,0,-1
23,7,1,-1
23,7,2,-1
23,7,3,2
23,7,4,3
23,7,5,-1
23,7,6,-1
23,7,7,-1
23,7,8,-1
23,7,9,-1
23,7,10,-1
23,8,0,-1
23,8,1,-1
23,8,2,-1
23,8,3,2
23,8,4,3
23,8,5,-1
23,8,6,-1
23,8,7,-1
23,8,8,-1
23,8,9,-1
23,8,10,-1
23,9,0,-1
23,9,1,-1
23,9,2,-1
23,9,3,2
23,9,4,3
23,9,5,-1
23,9,6,-1
23,9,7,-1
23,9,8,-1
23,9,9,-1
23,9,10,-1
23,10,0,-1
23,10,1,-1
23,10,2,-1
23,10,3,2
23,10,4,3
23,10,5,-1
23,10,6,-1
23,10,7,-1
23,10,8,-1
23,10,9,-1
23,10,10,-1
23,11,0,-1
23,11,1,-1
23,11,2,-1
23,11,3,2
23,11,4,3
23,11,5,-1
23,11,6,-1
23,11,7,-1
23,11,8,-1
23,11,9,-1
23,11,10,-1
23,12,0,-1
23,12,1,-1
23,12,2,-1
23,12,3,2
23,12,4,-1
23,12,5,-1
23,12,6,-1
23,12,7,-1
23,12,8,-1
23,12,9,-1
23,12,10,-1
23,13,0,-1
23,13,1,-1
23,13,2,-1
23,13,3,2
23,13,4,-1
23,13,5,-1
23,13,6,-1
23,13,7,-1
23,13,8,-1
23,13,9,-1
23,13,10,-1
23,14,0,-1
23,14,1,-1
23,14,2,-1
23,14,3,2
23,14,4,-1
23,14,5,-1
23,14,6,-1
23,14,7,-1
23,14,8,-1
23,14,9,-1
23,14,10,-1
23,15,0,-1
23,15,1,-1
23,15,2,-1
23,15,3,2
23,15,4,-1
23,15,5,-1
23,15,6,-1
23,15,7,-1
23,15,8,-1
23,15,9,-1
23,15,10,-1
23,16,0,-1
23,16,1,-1
23,16,2,-1
23,16,3,2
23,16,4,-1
23,16,5,-1
23,16,6,-1
23,16,7,-1
23,16,8,-1
23,16,9,-1
23,16,10,-1
23,17,0,-1
23,17,1,-1
23,17,2,-1
23,17,3,2
23,17,4,-1
23,17,5,-1
23,17,6,-1
23,17,7,-1
23,17,8,-1
23,17,9,-1
23,17,10,-1
23,18,0,-1
23,18,1,-1
23,18,2,-1
23,18,3,2
23,18,4,-1
23,18,5,-1
23,18,6,-1
23,18,7,-1
23,18,8,-1
23,18,9,-1
23,18,10,-1
23,19,0,-1
23,19,1,-1
23,19,2,-1
23,19,3,2
23,19,4,-1
23,19,5,-1
23,19,6,-1
23,19,7,-1
23,19,8,-1
23,19,9,-1
23,19,10,-1
23,20,0,-1
23,20,1,-1
23,20,2,-1
23,20,3,2
23,20,4,-1
23,20,5,-1
23,20,6,-1
23,20,7,-1
23,20,8,-1
23,20,9,-1
23,20,10,-1
23,21,0,-1
23,21,1,-1
23,21,2,-1
23,21,3,2
23,21,4,-1
23,21,5,-1
23,21,6,-1
23,21,7,-1
23,21,8,-1
23,21,9,-1
23,21,10,-1
23,22,0,-1
23,22,1,-1
23,22,2,-1
23,22,3,2
23,22,4,-1
23,22,5,-1
23,22,6,-1
23,22,7,-1
23,22,8,-1
23,22,9,-1
23,22,10,-1
23,23,0,-1
23,23,1,-1
23,23,2,-1
23,23,3,2
23,23,4,-1
23,23,5,-1
23,23,6,-1
23,23,7,-1
23,23,8,-1
23,23,9,-1
23,23,10,-1
23,24,0,-1
23,24,1,-1
23,24,2,-1
23,24,3,-1
23,24,4,-1
23,24,5,-1
23,24,6,-1
23,24,7,-1
23,24,8,-1
23,24,9,-1
23,24,10,-1
23,25,0,-1
23,25,1,-1
23,25,2,-1
23,25,3,-1
23,25,4,-1
23,25,5,-1
23,25,6,-1
23,25,7,-1
23,25,8,-1
23,25,9,-1
23,25,10,-1
23,26,0,-1
23,26,1,-1
23,26,2,-1
23,26,3,-1
23,26,4,-1
23,26,5,-1
23,26,6,-1
23,26,7,-1
23,26,8,-1
23,26,9,-1
23,26,10,-1
23,27,0,-1
23,27,1,-1
23,27,2,-1
23,27,3,-1
23,27,4,-1
23,27,5,-1
23,27,6,-1
23,27,7,-1
23,27,8,-1
23,27,9,-1
23,27,10,-1
23,28,0,-1
23,28,1,-1
23,28,2,-1
23,28,3,-1
23,28,4,-1
23,28,5,-1
23,28,6,-1
23,28,7,-1
23,28,8,-1
23,28,9,-1
23,28,10,-1
23,29,0,-1
23,29,1,-1
23,29,2,-1
23,29,3,-1
23,29,4,-1
23,29,5,-1
23,29,6,-1
23,29,7,-1
23,29,8,-1
23,29,9,-1
23,29,10,-1
23,30,0,-1
23,30,1,-1
23,30,2,-1
23,30,3,-1
23,30,4,-1
23,30,5,-1
23,30,6,-1
23,30,7,-1
23,30,8,-1
23,30,9,-1
23,30,10,-1
23,31,0,-1
23,31,1,-1
23,31,2,-1
23,31,3,-1
23,31,4,-1
23,31,5,-1
23,31,6,-1
23,31,7,-1
23,31,8,-1
23,31,9,-1
23,31,10,-1
23,32,0,-1
23,32,1,-1
23,32,2,-1
23,32,3,-1
23,32,4,-1
23,32,5,-1
23,32,6,-1
23,32,7,-1
23,32,8,-1
23,32,9,-1
23,32,10,-1
23,33,0,-1
23,33,1,-1
23,33,2,-1
23,33,3,-1
23,33,4,-1
23,33,5,-1
23,33,6,-1
23,33,7,-1
23,33,8,-1
23,33,9,-1
23,33,10,-1
23,34,0,-1
23,34,1,-1
23,34,2,-1
23,34,3,-1
23,34,4,-1
23,34,5,-1
23,34,6,-1
23,34,7,-1
23,34,8,-1
23,34,9,-1
23,34,10,-1
23,35,0,-1
23,35,1,-1
23,35,2,-1
23,35,3,-1
23,35,4,-1
23,35,5,-1
23,35,6,-1
23,35,7,-1
23,35,8,-1
23,35,9,-1
23,35,10,-1
23,36,0,-1
23,36,1,-1
23,36,2,-1
23,36,3,-1
23,36,4,-1
23,36,5,-1
23,36,6,-1
23,36,7,-1
23,36,8,-1
23,36,9,-1
23,36,10,-1
23,37,0,-1
23,37,1,-1
23,37,2,-1
23,37,3,-1
23,37,4,-1
23,37,5,-1
23,37,6,-1
23,37,7,-1
23,37,8,-1
23,37,9,-1
23,37,10,-1
23,38,0,-1
23,38,1,-1
23,38,2,-1
23,38,3,-1
23,38,4,-1
23,38,5,-1
23,38,6,-1
23,38,7,-1
23,38,8,-1
23,38,9,-1
23,38,10,-1
23,39,0,-1
23,39,1,-1
23,39,2,-1
23,39,3,-1
23,39,4,-1
23,39,5,-1
23,39,6,-1
23,39,7,-1
23,39,8,-1
23,39,9,-1
23,39,10,-1
24,0,0,-1
24,0,1,-1
24,0,2,-1
24,0,3,-1
24,0,4,-1
24,0,5,-1
24,0,6,-1
24,0,7,-1
24,0,8,-1
24,0,9,-1
24,0,10,-1
24,1,0,-1
24,1,1,-1
24,1,2,-1
24,1,3,-1
24,1,4,-1
24,1,5,-1
24,1,6,-1
24,1,7,-1
24,1,8,-1
24,1,9,-1
24,1,10,-1
24,2,0,-1
24,2,1,-1
24,2,2,-1
24,2,3,18
24,2,4,6
24,2,5,-1
24,2,6,-1
24,2,7,-1
24,2,8,-1
24,2,9,-1
24,2,10,-1
24,3,0,-1
24,3,1,-1
24,3,2,-1
24,3,3,18
24,3,4,6
24,3,5,-1
24,3,6,-1
24,3,7,-1
24,3,8,-1
24,3,9,-1
24,3,10,-1
24,4,0,-1
24,4,1,-1
24,4,2,-1
24,4,3,2
24,4,4,6
24,4,5,-1
24,4,6,-1
24,4,7,-1
24,4,8,-1
24,4,9,-1
24,4,10,-1
24,5,0,-1
24,5,1,-1
24,5,2,-1
24,5,3,2
24,5,4,6
24,5,5,-1
24,5,6,-1
24,5,7,-1
24,5,8,-1
24,5,9,-1
24,5,10,-1
24,6,0,-1
24,6,1,-1
24,6,2,-1
24,6,3,2
24,6,4,6
24,6,5,-1
24,6,6,-1
24,6,7,-1
24,6,8,-1
24,6,9,-1
24,6,10,-1
24,7,0,-1
24,7,1,-1
24,7,2,-1
24,7,3,2
24,7,4,3
24,7,5,-1
24,7,6,-1
24,7,7,-1
24,7,8,-1
24,7,9,-1
24,7,10,-1
24,8,0,-1
24,8,1,-1
24,8,2,-1
24,8,3,2
24,8,4,3
24,8,5,-1
24,8,6,-1
24,8,7,-1
24,8,8,-1
24,8,9,-1
24,8,10,-1
24,9,0,-1
24,9,1,-1
24,9,2,-1
24,9,3,2
24,9,4,3
24,9,5,-1
24,9,6,-1
24,9,7,-1
24,9,8,-1
24,9,9,-1
24,9,10,-1
24,10,0,-1
24,10,1,-1
24,10,2,-1
24,10,3,2
24,10,4,3
24,10,5,-1
24,10,6,-1
24,10,7,-1
24,10,8,-1
24,10,9,-1
24,10,10,-1
24,11,0,-1
24,11,1,-1
24,11,2,-1
24,11,3,2
24,11,4,3
24,11,5,-1
24,11,6,-1
24,11,7,-1
24,11,8,-1
24,11,9,-1
24,11,10,-1
24,12,0,-1
24,12,1,-1
24,12,2,-1
24,12,3,2
24,12,4,-1
24,12,5,-1
24,12,6,-1
24,12,7,-1
24,12,8,-1
24,12,9,-1
24,12,10,-1
24,13,0,-1
24,13,1,-1
24,13,2,-1
24,13,3,2
24,13,4,-1
24,13,5,-1
24,13,6,-1
24,13,7,-1
24,13,8,-1
24,13,9,-1
24,13,10,-1
24,14,0,-1
24,14,1,-1
24,14,2,-1
24,14,3,2
24,14,4,-1
24,14,5,-1
24,14,6,-1
24,14,7,-1
24,14,8,-1
24,14,9,-1
24,14,10,-1
24,15,0,-1
24,15,1,-1
24,15,2,-1
24,15,3,2
24,15,4,-1
24,15,5,-1
24,15,6,-1
24,15,7,-1
24,15,8,-1
24,15,9,-1
24,15,10,-1
24,16,0,-1
24,16,1,-1
24,16,2,-1
24,16,3,2
24,16,4,-1
24,16,5,-1
24,16,6,-1
24,16,7,-1
24,16,8,-1
24,16,9,-1
24,16,10,-1
24,17,0,-1
24,17,1,-1
24,17,2,-1
24,17,3,2
24,17,4,-1
24,17,5,-1
24,17,6,-1
24,17,7,-1
24,17,8,-1
24,17,9,-1
24,17,10,-1
24,18,0,-1
24,18,1,-1
24,18,2,-1
24,18,3,2
24,18,4,-1
24,18,5,-1
24,18,6,-1
24,18,7,-1
24,18,8,-1
24,18,9,-1
24,18,10,-1
24,19,0,-1
24,19,1,-1
24,19,2,-1
24,19,3,2
24,19,4,-1
24,19,5,-1
24,19,6,-1
24,19,7,-1
24,19,8,-1
24,19,9,-1
24,19,10,-1
24,20,0,-1
24,20,1,-1
24,20,2,-1
24,20,3,2
24,20,4,-1
24,20,5,-1
24,20,6,-1
24,20,7,-1
24,20,8,-1
24,20,9,-1
24,20,10,-1
24,21,0,-1
24,21,1,-1
24,21,2,-1
24,21,3,2
24,21,4,-1
24,21,5,-1
24,21,6,-1
24,21,7,-1
24,21,8,-1
24,21,9,-1
24,21,10,-1
24,22,0,-1
24,22,1,-1
24,22,2,-1
24,22,3,2
24,22,4,-1
24,22,5,-1
24,22,6,-1
24,22,7,-1
24,22,8,-1
24,22,9,-1
24,22,10,-1
24,23,0,-1
24,23,1,-1
24,23,2,-1
24,23,3,2
24,23,4,-1
24,23,5,-1
24,23,6,-1
24,23,7,-1
24,23,8,-1
24,23,9,-1
24,23,10,-1
24,24,0,-1
24,24,1,-1
24,24,2,-1
24,24,3,-1
24,24,4,-1
24,24,5,-1
24,24,6,-1
24,24,7,-1
24,24,8,-1
24,24,9,-1
24,24,10,-1
24,25,0,-1
24,25,1,-1
24,25,2,-1
24,25,3,-1
24,25,4,-1
24,25,5,-1
24,25,6,-1
24,25,7,-1
24,25,8,-1
24,25,9,-1
24,25,10,-1
24,26,0,-1
24,26,1,-1
24,26,2,-1
24,26,3,-1
24,26,4,-1
24,26,5,-1
24,26,6,-1
24,26,7,-1
24,26,8,-1
24,26,9,-1
24,26,10,-1
24,27,0,-1
24,27,1,-1
24,27,2,-1
24,27,3,-1
24,27,4,-1
24,27,5,-1
24,27,6,-1
24,27,7,-1
24,27,8,-1
24,27,9,-1
24,27,10,-1
24,28,0,-1
24,28,1,-1
24,28,2,-1
24,28,3,-1
24,28,4,-1
24,28,5,-1
24,28,6,-1
24,28,7,-1
24,28,8,-1
24,28,9,-1
24,28,10,-1
24,29,0,-1
24,29,1,-1
24,29,2,-1
24,29,3,-1
24,29,4,-1
24,29,5,-1
24,29,6,-1
24,29,7,-1
24,29,8,-1
24,29,9,-1
24,29,10,-1
24,30,0,-1
24,30,1,-1
24,30,2,-1
24,30,3,-1
24,30,4,-1
24,30,5,-1
24,30,6,-1
24,30,7,-1
24,30,8,-1
24,30,9,-1
24,30,10,-1
24,31,0,-1
24,31,1,-1
24,31,2,-1
24,31,3,-1
24,31,4,-1
24,31,5,-1
24,31,6,-1
24,31,7,-1
24,31,8,-1
24,31,9,-1
24,31,10,-1
24,32,0,-1
24,32,1,-1
24,32,2,-1
24,32,3,-1
24,32,4,-1
24,32,5,-1
24,32,6,-1
24,32,7,-1
24,32,8,-1
24,32,9,-1
24,32,10,-1
24,33,0,-1
24,33,1,-1
24,33,2,-1
24,33,3,-1
24,33,4,-1
24,33,5,-1
24,33,6,-1
24,33,7,-1
24,33,8,-1
24,33,9,-1
24,33,10,-1
24,34,0,-1
24,34,1,-1
24,34,2,-1
24,34,3,-1
24,34,4,-1
24,34,5,-1
24,34,6,-1
24,34,7,-1
24,34,8,-1
24,34,9,-1
24,34,10,-1
24,35,0,-1
24,35,1,-1
24,35,2,-1
24,35,3,-1
24,35,4,-1
24,35,5,-1
24,35,6,-1
24,35,7,-1
24,35,8,-1
24,35,9,-1
24,35,10,-1
24,36,0,-1
24,36,1,-1
24,36,2,-1
24,36,3,-1
24,36,4,-1
24,36,5,-1
24,36,6,-1
24,36,7,-1
24,36,8,-1
24,36,9,-1
24,36,10,-1
24,37,0,-1
24,37,1,-1
24,37,2,-1
24,37,3,-1
24,37,4,-1
24,37,5,-1
24,37,6,-1
24,37,7,-1
24,37,8,-1
24,37,9,-1
24,37,10,-1
24,38,0,-1
24,38,1,-1
24,38,2,-1
24,38,3,-1
24,38,4,-1
24,38,5,-1
24,38,6,-1
24,38,7,-1
24,38,8,-1
24,38,9,-1
24,38,10,-1
24,39,0,-1
24,39,1,-1
24,39,2,-1
24,39,3,-1
24,39,4,-1
24,39,5,-1
24,39,6,-1
24,39,7,-1
24,39,8,-1
24,39,9,-1
24,39,10,-1
25,0,0,-1
25,0,1,-1
25,0,2,-1
25,0,3,-1
25,0,4,-1
25,0,5,-1
25,0,6,-1
25,0,7,-1
25,0,8,-1
25,0,9,-1
25,0,10,-1
25,1,0,-1
25,1,1,-1
25,1,2,-1
25,1,3,-1
25,1,4,-1
25,1,5,-1
25,1,6,-1
25,1,7,-1
25,1,8,-1
25,1,9,-1
25,1,10,-1
25,2,0,-1
25,2,1,-1
25,2,2,-1
25,2,3,18
25,2,4,6
25,2,5,-1
25,2,6,-1
25,2,7,-1
25,2,8,-1
25,2,9,-1
25,2,10,-1
25,3,0,-1
25,3,1,-1
25,3,2,-1
25,3,3,18
25,3,4,6
25,3,5,-1
25,3,6,-1
25,3,7,-1
25,3,8,-1
25,3,9,-1
25,3,10,-1
25,4,0,-1
25,4,1,-1
25,4,2,-1
25,4,3,2
25,4,4,6
25,4,5,-1
25,4,6,-1
25,4,7,-1
25,4,8,-1
25,4,9,-1
25,4,10,-1
25,5,0,-1
25,5,1,-1
25,5,2,-1
25,5,3,2
25,5,4,6
25,5,5,-1
25,5,6,-1
25,5,7,-1
25,5,8,-1
25,5,9,-1
25,5,10,-1
25,6,0,-1
25,6,1,-1
25,6,2,-1
25,6,3,2
25,6,4,6
25,6,5,-1
25,6,6,-1
25,6,7,-1
25,6,8,-1
25,6,9,-1
25,6,10,-1
25,7,0,-1
25,7,1,-1
25,7,2,-1
25,7,3,2
25,7,4,3
25,7,5,-1
25,7,6,-1
25,7,7,-1
25,7,8,-1
25,7,9,-1
25,7,10,-1
25,8,0,-1
25,8,1,-1
25,8,2,-1
25,8,3,2
25,8,4,3
25,8,5,-1
25,8,6,-1
25,8,7,-1
25,8,8,-1
25,8,9,-1
25,8,10,-1
25,9,0,-1
25,9,1,-1
25,9,2,-1
25,9,3,2
25,9,4,3
25,9,5,-1
25,9,6,-1
25,9,7,-1
25,9,8,-1
25,9,9,-1
25,9,10,-1
25,10,0,-1
25,10,1,-1
25,10,2,-1
25,10,3,2
25,10,4,3
25,10,5,-1
25,10,6,-1
25,10,7,-1
25,10,8,-1
25,10,9,-1
25,10,10,-1
25,11,0,-1
25,11,1,-1
25,11,2,-1
25,11,3,2
25,11,4,3
25,11,5,-1
25,11,6,-1
25,11,7,-1
25,11,8,-1
25,11,9,-1
25,11,10,-1
25,12,0,-1
25,12,1,-1
25,12,2,-1
25,12,3,2
25,12,4,-1
25,12,5,-1
25,12,6,-1
25,12,7,-1
25,12,8,-1
25,12,9,-1
25,12,10,-1
25,13,0,-1
25,13,1,-1
25,13,2,-1
25,13,3,2
25,13,4,-1
25,13,5,-1
25,13,6,-1
25,13,7,-1
25,13,8,-1
25,13,9,-1
25,13,10,-1
25,14,0,-1
25,14,1,-1
25,14,2,-1
25,14,3,2
25,14,4,-1
25,14,5,-1
25,14,6,-1
25,14,7,-1
25,14,8,-1
25,14,9,-1
25,14,10,-1
25,15,0,-1
25,15,1,-1
25,15,2,-1
25,15,3,2
25,15,4,-1
25,15,5,-1
25,15,6,-1
25,15,7,-1
25,15,8,-1
25,15,9,-1
25,15,10,-1
25,16,0,-1
25,16,1,-1
25,16,2,-1
25,16,3,2
25,16,4,-1
25,16,5,-1
25,16,6,-1
25,16,7,-1
25,16,8,-1
25,16,9,-1
25,16,10,-1
25,17,0,-1
25,17,1,-1
25,17,2,-1
25,17,3,2
25,17,4,-1
25,17,5,-1
25,17,6,-1
25,17,7,-1
25,17,8,-1
25,17,9,-1
25,17,10,-1
25,18,0,-1
25,18,1,-1
25,18,2,-1
25,18,3,2
25,18,4,-1
25,18,5,-1
25,18,6,-1
25,18,7,-1
25,18,8,-1
25,18,9,-1
25,18,10,-1
25,19,0,-1
25,19,1,-1
25,19,2,-1
25,19,3,2
25,19,4,-1
25,19,5,-1
25,19,6,-1
25,19,7,-1
25,19,8,-1
25,19,9,-1
25,19,10,-1
25,20,0,-1
25,20,1,-1
25,20,2,-1
25,20,3,2
25,20,4,-1
25,20,5,-1
25,20,6,-1
25,20,7,-1
25,20,8,-1
25,20,9,-1
25,20,10,-1
25,21,0,-1
25,21,1,-1
25,21,2,-1
25,21,3,2
25,21,4,-1
25,21,5,-1
25,21,6,-1
25,21,7,-1
25,21,8,-1
25,21,9,-1
25,21,10,-1
25,22,0,-1
25,22,1,-1
25,22,2,-1
25,22,3,2
25,22,4,-1
25,22,5,-1
25,22,6,-1
25,22,7,-1
25,22,8,-1
25,22,9,-1
25,22,10,-1
25,23,0,-1
25,23,1,-1
25,23,2,-1
25,23,3,2
25,23,4,-1
25,23,5,-1
25,23,6,-1
25,23,7,-1
25,23,8,-1
25,23,9,-1
25,23,10,-1
25,24,0,-1
25,24,1,-1
25,24,2,-1
25,24,3,-1
25,24,4,-1
25,24,5,-1
25,24,6,-1
25,24,7,-1
25,24,8,-1
25,24,9,-1
25,24,10,-1
25,25,0,-1
25,25,1,-1
25,25,2,-1
25,25,3,-1
25,25,4,-1
25,25,5,-1
25,25,6,-1
25,25,7,-1
25,25,8,-1
25,25,9,-1
25,25,10,-1
25,26,0,-1
25,26,1,-1
25,26,2,-1
25,26,3,-1
25,26,4,-1
25,26,5,-1
25,26,6,-1
25,26,7,-1
25,26,8,-1
25,26,9,-1
25,26,10,-1
25,27,0,-1
25,27,1,-1
25,27,2,-1
25,27,3,-1
25,27,4,-1
25,27,5,-1
25,27,6,-1
25,27,7,-1
25,27,8,-1
25,27,9,-1
25,27,10,-1
25,28,0,-1
25,28,1,-1
25,28,2,-1
25,28,3,-1
25,28,4,-1
25,28,5,-1
25,28,6,-1
25,28,7,-1
25,28,8,-1
25,28,9,-1
25,28,10,-1
25,29,0,-1
25,29,1,-1
25,29,2,-1
25,29,3,-1
25,29,4,-1
25,29,5,-1
25,29,6,-1
25,29,7,-1
25,29,8,-1
25,29,9,-1
25,29,10,-1
25,30,0,-1
25,30,1,-1
25,30,2,-1
25,30,3,-1
25,30,4,-1
25,30,5,-1
25,30,6,-1
25,30,7,-1
25,30,8,-1
25,30,9,-1
25,30,10,-1
25,31,0,-1
25,31,1,-1
25,31,2,-1
25,31,3,-1
25,31,4,-1
25,31,5,-1
25,31,6,-1
25,31,7,-1
25,31,8,-1
25,31,9,-1
25,31,10,-1
25,32,0,-1
25,32,1,-1
25,32,2,-1
25,32,3,-1
25,32,4,-1
25,32,5,-1
25,32,6,-1
25,32,7,-1
25,32,8,-1
25,32,9,-1
25,32,10,-1
25,33,0,-1
25,33,1,-1
25,33,2,-1
25,33,3,-1
25,33,4,-1
25,33,5,-1
25,33,6,-1
25,33,7,-1
25,33,8,-1
25,33,9,-1
25,33,10,-1
25,34,0,-1
25,34,1,-1
25,34,2,-1
25,34,3,-1
25,34,4,-1
25,34,5,-1
25,34,6,-1
25,34,7,-1
25,34,8,-1
25,34,9,-1
25,34,10,-1
25,35,0,-1
25,35,1,-1
25,35,2,-1
25,35,3,-1
25,35,4,-1
25,35,5,-1
25,35,6,-1
25,35,7,-1
25,35,8,-1
25,35,9,-1
25,35,10,-1
25,36,0,-1
25,36,1,-1
25,36,2,-1
25,36,3,-1
25,36,4,-1
25,36,5,-1
25,36,6,-1
25,36,7,-1
25,36,8,-1
25,36,9,-1
25,36,10,-1
25,37,0,-1
25,37,1,-1
25,37,2,-1
25,37,3,-1
25,37,4,-1
25,37,5,-1
25,37,6,-1
25,37,7,-1
25,37,8,-1
25,37,9,-1
25,37,10,-1
25,38,0,-1
25,38,1,-1
25,38,2,-1
25,38,3,-1
25,38,4,-1
25,38,5,-1
25,38,6,-1
25,38,7,-1
25,38,8,-1
25,38,9,-1
25,38,10,-1
25,39,0,-1
25,39,1,-1
25,39,2,-1
25,39,3,-1
25,39,4,-1
25,39,5,-1
25,39,6,-1
25,39,7,-1
25,39,8,-1
25,39,9,-1
25,39,10,-1
26,0,0,-1
26,0,1,-1
26,0,2,-1
26,0,3,-1
26,0,4,-1
26,0,5,-1
26,0,6,-1
26,0,7,-1
26,0,8,-1
26,0,9,-1
26,0,10,-1
26,1,0,-1
26,1,1,-1
26,1,2,-1
26,1,3,-1
26,1,4,-1
26,1,5,-1
26,1,6,-1
26,1,7,-1
26,1,8,-1
26,1,9,-1
26,1,10,-1
26,2,0,-1
26,2,1,-1
26,2,2,-1
26,2,3,18
26,2,4,6
26,2,5,-1
26,2,6,-1
26,2,7,-1
26,2,8,-1
26,2,9,-1
26,2,10,-1
26,3,0,-1
26,3,1,-1
26,3,2,-1
26,3,3,18
26,3,4,6
26,3,5,-1
26,3,6,-1
26,3,7,-1
26,3,8,-1
26,3,9,-1
26,3,10,-1
26,4,0,-1
26,4,1,-1
26,4,2,-1
26,4,3,2
26,4,4,6
26,4,5,-1
26,4,6,-1
26,4,7,-1
26,4,8,-1
26,4,9,-1
26,4,10,-1
26,5,0,-1
26,5,1,-1
26,5,2,-1
26,5,3,2
26,5,4,6
26,5,5,-1
26,5,6,-1
26,5,7,-1
26,5,8,-1
26,5,9,-1
26,5,10,-1
26,6,0,-1
26,6,1,-1
26,6,2,-1
26,6,3,2
26,6,4,6
26,6,5,-1
26,6,6,-1
26,6,7,-1
26,6,8,-1
26,6,9,-1
26,6,10,-1
26,7,0,-1
26,7,1,-1
26,7,2,-1
26,7,3,2
26,7,4,3
26,7,5,-1
26,7,6,-1
26,7,7,-1
26,7,8,-1
26,7,9,-1
26,7,10,-1
26,8,0,-1
26,8,1,-1
26,8,2,-1
26,8,3,2
26,8,4,3
26,8,5,-1
26,8,6,-1
26,8,7,-1
26,8,8,-1
26,8,9,-1
26,8,10,-1
26,9,0,-1
26,9,1,-1
26,9,2,-1
26,9,3,2
26,9,4,3
26,9,5,-1
26,9,6,-1
26,9,7,-1
26,9,8,-1
26,9,9,-1
26,9,10,-1
26,10,0,-1
26,10,1,-1
26,10,2,-1
26,10,3,2
26,10,4,3
26,10,5,-1
26,10,6,-1
26,10,7,-1
26,10,8,-1
26,10,9,-1
26,10,10,-1
26,11,0,-1
26,11,1,-1
26,11,2,-1
26,11,3,2
26,11,4,3
26,11,5,-1
26,11,6,-1
26,11,7,-1
26,11,8,-1
26,11,9,-1
26,11,10,-1
26,12,0,-1
26,12,1,-1
26,12,2,-1
26,12,3,2
26,12,4,-1
26,12,5,-1
26,12,6,-1
26,12,7,-1
26,12,8,-1
26,12,9,-1
26,12,10,-1
26,13,0,-1
26,13,1,-1
26,13,2,-1
26,13,3,2
26,13,4,-1
26,13,5,-1
26,13,6,-1
26,13,7,-1
26,13,8,-1
26,13,9,-1
26,13,10,-1
26,14,0,-1
26,14,1,-1
26,14,2,-1
26,14,3,2
26,14,4,-1
26,14,5,-1
26,14,6,-1
26,14,7,-1
26,14,8,-1
26,14,9,-1
26,14,10,-1
26,15,0,-1
26,15,1,-1
26,15,2,-1
26,15,3,2
26,15,4,-1
26,15,5,-1
26,15,6,-1
26,15,7,-1
26,15,8,-1
26,15,9,-1
26,15,10,-1
26,16,0,-1
26,16,1,-1
26,16,2,-1
26,16,3,2
26,16,4,-1
26,16,5,-1
26,16,6,-1
26,16,7,-1
26,16,8,-1
26,16,9,-1
26,16,10,-1
26,17,0,-1
26,17,1,-1
26,17,2,-1
26,17,3,2
26,17,4,-1
26,17,5,-1
26,17,6,-1
26,17,7,-1
26,17,8,-1
26,17,9,-1
26,17,10,-1
26,18,0,-1
26,18,1,-1
26,18,2,-1
26,18,3,2
26,18,4,-1
26,18,5,-1
26,18,6,-1
26,18,7,-1
26,18,8,-1
26,18,9,-1
26,18,10,-1
26,19,0,-1
26,19,1,-1
26,19,2,-1
26,19,3,2
26,19,4,-1
26,19,5,-1
26,19,6,-1
26,19,7,-1
26,19,8,-1
26,19,9,-1
26,19,10,-1
26,20,0,-1
26,20,1,-1
26,20,2,-1
26,20,3,2
26,20,4,-1
26,20,5,-1
26,20,6,-1
26,20,7,-1
26,20,8,-1
26,20,9,-1
26,20,10,-1
26,21,0,-1
26,21,1,-1
26,21,2,-1
26,21,3,2
26,21,4,-1
26,21,5,-1
26,21,6,-1
26,21,7,-1
26,21,8,-1
26,21,9,-1
26,21,10,-1
26,22,0,-1
26,22,1,-1
26,22,2,-1
26,22,3,2
26,22,4,-1
26,22,5,-1
26,22,6,-1
26,22,7,-1
26,22,8,-1
26,22,9,-1
26,22,10,-1
26,23,0,-1
26,23,1,-1
26,23,2,-1
26,23,3,2
26,23,4,-1
26,23,5,-1
26,23,6,-1
26,23,7,-1
26,23,8,-1
26,23,9,-1
26,23,10,-1
26,24,0,-1
26,24,1,-1
26,24,2,-1
26,24,3,-1
26,24,4,-1
26,24,5,-1
26,24,6,-1
26,24,7,-1
26,24,8,-1
26,24,9,-1
26,24,10,-1
26,25,0,-1
26,25,1,-1
26,25,2,-1
26,25,3,-1
26,25,4,-1
26,25,5,-1
26,25,6,-1
26,25,7,-1
26,25,8,-1
26,25,9,-1
26,25,10,-1
26,26,0,-1
26,26,1,-1
26,26,2,-1
26,26,3,-1
26,26,4,-1
26,26,5,-1
26,26,6,-1
26,26,7,-1
26,26,8,-1
26,26,9,-1
26,26,10,-1
26,27,0,-1
26,27,1,-1
26,27,2,-1
26,27,3,-1
26,27,4,-1
26,27,5,-1
26,27,6,-1
26,27,7,-1
26,27,8,-1
26,27,9,-1
26,27,10,-1
26,28,0,-1
26,28,1,-1
26,28,2,-1
26,28,3,-1
26,28,4,-1
26,28,5,-1
26,28,6,-1
26,28,7,-1
26,28,8,-1
26,28,9,-1
26,28,10,-1
26,29,0,-1
26,29,1,-1
26,29,2,-1
26,29,3,-1
26,29,4,-1
26,29,5,-1
26,29,6,-1
26,29,7,-1
26,29,8,-1
26,29,9,-1
26,29,10,-1
26,30,0,-1
26,30,1,-1
26,30,2,-1
26,30,3,-1
26,30,4,-1
26,30,5,-1
26,30,6,-1
26,30,7,-1
26,30,8,-1
26,30,9,-1
26,30,10,-1
26,31,0,-1
26,31,1,-1
26,31,2,-1
26,31,3,-1
26,31,4,-1
26,31,5,-1
26,31,6,-1
26,31,7,-1
26,31,8,-1
26,31,9,-1
26,31,10,-1
26,32,0,-1
26,32,1,-1
26,32,2,-1
26,32,3,-1
26,32,4,-1
26,32,5,-1
26,32,6,-1
26,32,7,-1
26,32,8,-1
26,32,9,-1
26,32,10,-1
26,33,0,-1
26,33,1,-1
26,33,2,-1
26,33,3,-1
26,33,4,-1
26,33,5,-1
26,33,6,-1
26,33,7,-1
26,33,8,-1
26,33,9,-1
26,33,10,-1
26,34,0,-1
26,34,1,-1
26,34,2,-1
26,34,3,-1
26,34,4,-1
26,34,5,-1
26,34,6,-1
26,34,7,-1
26,34,8,-1
26,34,9,-1
26,34,10,-1
26,35,0,-1
26,35,1,-1
26,35,2,-1
26,35,3,-1
26,35,4,-1
26,35,5,-1
26,35,6,-1
26,35,7,-1
26,35,8,-1
26,35,9,-1
26,35,10,-1
26,36,0,-1
26,36,1,-1
26,36,2,-1
26,36,3,-1
26,36,4,-1
26,36,5,-1
26,36,6,-1
26,36,7,-1
26,36,8,-1
26,36,9,-1
26,36,10,-1
26,37,0,-1
26,37,1,-1
26,37,2,-1
26,37,3,-1
26,37,4,-1
26,37,5,-1
26,37,6,-1
26,37,7,-1
26,37,8,-1
26,37,9,-1
26,37,10,-1
26,38,0,-1
26,38,1,-1
26,38,2,-1
26,38,3,-1
26,38,4,-1
26,38,5,-1
26,38,6,-1
26,38,7,-1
26,38,8,-1
26,38,9,-1
26,38,10,-1
26,39,0,-1
26,39,1,-1
26,39,2,-1
26,39,3,-1
26,39,4,-1
26,39,5,-1
26,39,6,-1
26,39,7,-1
26,39,8,-1
26,39,9,-1
26,39,10,-1
27,0,0,-1
27,0,1,-1
27,0,2,-1
27,0,3,-1
27,0,4,-1
27,0,5,-1
27,0,6,-1
27,0,7,-1
27,0,8,-1
27,0,9,-1
27,0,10,-1
27,1,0,-1
27,1,1,-1
27,1,2,-1
27,1,3,-1
27,1,4,-1
27,1,5,-1
27,1,6,-1
27,1,7,-1
27,1,8,-1
27,1,9,-1
27,1,10,-1
27,2,0,-1
27,2,1,-1
27,2,2,-1
27,2,3,18
27,2,4,6
27,2,5,-1
27,2,6,-1
27,2,7,-1
27,2,8,-1
27,2,9,-1
27,2,10,-1
27,3,0,-1
27,3,1,-1
27,3,2,-1
27,3,3,18
27,3,4,6
27,3,5,-1
27,3,6,-1
27,3,7,-1
27,3,8,-1
27,3,9,-1
27,3,10,-1
27,4,0,-1
27,4,1,-1
27,4,2,-1
27,4,3,2
27,4,4,6
27,4,5,-1
27,4,6,-1
27,4,7,-1
27,4,8,-1
27,4,9,-1
27,4,10,-1
27,5,0,-1
27,5,1,-1
27,5,2,-1
27,5,3,2
27,5,4,6
27,5,5,-1
27,5,6,-1
27,5,7,-1
27,5,8,-1
27,5,9,-1
27,5,10,-1
27,6,0,-1
27,6,1,-1
27,6,2,-1
27,6,3,2
27,6,4,6
27,6,5,-1
27,6,6,-1
27,6,7,-1
27,6,8,-1
27,6,9,-1
27,6,10,-1
27,7,0,-1
27,7,1,-1
27,7,2,-1
27,7,3,2
27,7,4,6
27,7,5,-1
27,7,6,-1
27,7,7,-1
27,7,8,-1
27,7,9,-1
27,7,10,-1
27,8,0,-1
27,8,1,-1
27,8,2,-1
27,8,3,2
27,8,4,3
27,8,5,-1
27,8,6,-1
27,8,7,-1
27,8,8,-1
27,8,9,-1
27,8,10,-1
27,9,0,-1
27,9,1,-1
27,9,2,-1
27,9,3,2
27,9,4,3
27,9,5,-1
27,9,6,-1
27,9,7,-1
27,9,8,-1
27,9,9,-1
27,9,10,-1
27,10,0,-1
27,10,1,-1
27,10,2,-1
27,10,3,2
27,10,4,3
27,10,5,-1
27,10,6,-1
27,10,7,-1
27,10,8,-1
27,10,9,-1
27,10,10,-1
27,11,0,-1
27,11,1,-1
27,11,2,-1
27,11,3,2
27,11,4,3
27,11,5,-1
27,11,6,-1
27,11,7,-1
27,11,8,-1
27,11,9,-1
27,11,10,-1
27,12,0,-1
27,12,1,-1
27,12,2,-1
27,12,3,2
27,12,4,-1
27,12,5,-1
27,12,6,-1
27,12,7,-1
27,12,8,-1
27,12,9,-1
27,12,10,-1
27,13,0,-1
27,13,1,-1
27,13,2,-1
27,13,3,2
27,13,4,-1
27,13,5,-1
27,13,6,-1
27,13,7,-1
27,13,8,-1
27,13,9,-1
27,13,10,-1
27,14,0,-1
27,14,1,-1
27,14,2,-1
27,14,3,2
27,14,4,-1
27,14,5,-1
27,14,6,-1
27,14,7,-1
27,14,8,-1
27,14,9,-1
27,14,10,-1
27,15,0,-1
27,15,1,-1
27,15,2,-1
27,15,3,2
27,15,4,-1
27,15,5,-1
27,15,6,-1
27,15,7,-1
27,15,8,-1
27,15,9,-1
27,15,10,-1
27,16,0,-1
27,16,1,-1
27,16,2,-1
27,16,3,2
27,16,4,-1
27,16,5,-1
27,16,6,-1
27,16,7,-1
27,16,8,-1
27,16,9,-1
27,16,10,-1
27,17,0,-1
27,17,1,-1
27,17,2,-1
27,17,3,2
27,17,4,-1
27,17,5,-1
27,17,6,-1
27,17,7,-1
27,17,8,-1
27,17,9,-1
27,17,10,-1
27,18,0,-1
27,18,1,-1
27,18,2,-1
27,18,3,2
27,18,4,-1
27,18,5,-1
27,18,6,-1
27,18,7,-1
27,18,8,-1
27,18,9,-1
27,18,10,-1
27,19,0,-1
27,19,1,-1
27,19,2,-1
27,19,3,2
27,19,4,-1
27,19,5,-1
27,19,6,-1
27,19,7,-1
27,19,8,-1
27,19,9,-1
27,19,10,-1
27,20,0,-1
27,20,1,-1
27,20,2,-1
27,20,3,2
27,20,4,-1
27,20,5,-1
27,20,6,-1
27,20,7,-1
27,20,8,-1
27,20,9,-1
27,20,10,-1
27,21,0,-1
27,21,1,-1
27,21,2,-1
27,21,3,2
27,21,4,-1
27,21,5,-1
27,21,6,-1
27,21,7,-1
27,21,8,-1
27,21,9,-1
27,21,10,-1
27,22,0,-1
27,22,1,-1
27,22,2,-1
27,22,3,2
27,22,4,-1
27,22,5,-1
27,22,6,-1
27,22,7,-1
27,22,8,-1
27,22,9,-1
27,22,10,-1
27,23,0,-1
27,23,1,-1
27,23,2,-1
27,23,3,2
27,23,4,-1
27,23,5,-1
27,23,6,-1
27,23,7,-1
27,23,8,-1
27,23,9,-1
27,23,10,-1
27,24,0,-1
27,24,1,-1
27,24,2,-1
27,24,3,-1
27,24,4,-1
27,24,5,-1
27,24,6,-1
27,24,7,-1
27,24,8,-1
27,24,9,-1
27,24,10,-1
27,25,0,-1
27,25,1,-1
27,25,2,-1
27,25,3,-1
27,25,4,-1
27,25,5,-1
27,25,6,-1
27,25,7,-1
27,25,8,-1
27,25,9,-1
27,25,10,-1
27,26,0,-1
27,26,1,-1
27,26,2,-1
27,26,3,-1
27,26,4,-1
27,26,5,-1
27,26,6,-1
27,26,7,-1
27,26,8,-1
27,26,9,-1
27,26,10,-1
27,27,0,-1
27,27,1,-1
27,27,2,-1
27,27,3,-1
27,27,4,-1
27,27,5,-1
27,27,6,-1
27,27,7,-1
27,27,8,-1
27,27,9,-1
27,27,10,-1
27,28,0,-1
27,28,1,-1
27,28,2,-1
27,28,3,-1
27,28,4,-1
27,28,5,-1
27,28,6,-1
27,28,7,-1
27,28,8,-1
27,28,9,-1
27,28,10,-1
27,29,0,-1
27,29,1,-1
27,29,2,-1
27,29,3,-1
27,29,4,-1
27,29,5,-1
27,29,6,-1
27,29,7,-1
27,29,8,-1
27,29,9,-1
27,29,10,-1
27,30,0,-1
27,30,1,-1
27,30,2,-1
27,30,3,-1
27,30,4,-1
27,30,5,-1
27,30,6,-1
27,30,7,-1
27,30,8,-1
27,30,9,-1
27,30,10,-1
27,31,0,-1
27,31,1,-1
27,31,2,-1
27,31,3,-1
27,31,4,-1
27,31,5,-1
27,31,6,-1
27,31,7,-1
27,31,8,-1
27,31,9,-1
27,31,10,-1
27,32,0,-1
27,32,1,-1
27,32,2,-1
27,32,3,-1
27,32,4,-1
27,32,5,-1
27,32,6,-1
27,32,7,-1
27,32,8,-1
27,32,9,-1
27,32,10,-1
27,33,0,-1
27,33,1,-1
27,33,2,-1
27,33,3,-1
27,33,4,-1
27,33,5,-1
27,33,6,-1
27,33,7,-1
27,33,8,-1
27,33,9,-1
27,33,10,-1
27,34,0,-1
27,34,1,-1
27,34,2,-1
27,34,3,-1
27,34,4,-1
27,34,5,-1
27,34,6,-1
27,34,7,-1
27,34,8,-1
27,34,9,-1
27,34,10,-1
27,35,0,-1
27,35,1,-1
27,35,2,-1
27,35,3,-1
27,35,4,-1
27,35,5,-1
27,35,6,-1
27,35,7,-1
27,35,8,-1
27,35,9,-1
27,35,10,-1
27,36,0,-1
27,36,1,-1
27,36,2,-1
27,36,3,-1
27,36,4,-1
27,36,5,-1
27,36,6,-1
27,36,7,-1
27,36,8,-1
27,36,9,-1
27,36,10,-1
27,37,0,-1
27,37,1,-1
27,37,2,-1
27,37,3,-1
27,37,4,-1
27,37,5,-1
27,37,6,-1
27,37,7,-1
27,37,8,-1
27,37,9,-1
27,37,10,-1
27,38,0,-1
27,38,1,-1
27,38,2,-1
27,38,3,-1
27,38,4,-1
27,38,5,-1
27,38,6,-1
27,38,7,-1
27,38,8,-1
27,38,9,-1
27,38,10,-1
27,39,0,-1
27,39,1,-1
27,39,2,-1
27,39,3,-1
27,39,4,-1
27,39,5,-1
27,39,6,-1
27,39,7,-1
27,39,8,-1
27,39,9,-1
27,39,10,-1
28,0,0,-1
28,0,1,-1
28,0,2,-1
28,0,3,-1
28,0,4,-1
28,0,5,-1
28,0,6,-1
28,0,7,-1
28,0,8,-1
28,0,9,-1
28,0,10,-1
28,1,0,-1
28,1,1,-1
28,1,2,-1
28,1,3,-1
28,1,4,-1
28,1,5,-1
28,1,6,-1
28,1,7,-1
28,1,8,-1
28,1,9,-1
28,1,10,-1
28,2,0,-1
28,2,1,-1
28,2,2,-1
28,2,3,18
28,2,4,6
28,2,5,-1
28,2,6,-1
28,2,7,-1
28,2,8,-1
28,2,9,-1
28,2,10,-1
28,3,0,-1
28,3,1,-1
28,3,2,-1
28,3,3,18
28,3,4,6
28,3,5,-1
28,3,6,-1
28,3,7,-1
28,3,8,-1
28,3,9,-1
28,3,10,-1
28,4,0,-1
28,4,1,-1
28,4,2,-1
28,4,3,2
28,4,4,6
28,4,5,-1
28,4,6,-1
28,4,7,-1
28,4,8,-1
28,4,9,-1
28,4,10,-1
28,5,0,-1
28,5,1,-1
28,5,2,-1
28,5,3,2
28,5,4,6
28,5,5,-1
28,5,6,-1
28,5,7,-1
28,5,8,-1
28,5,9,-1
28,5,10,-1
28,6,0,-1
28,6,1,-1
28,6,2,-1
28,6,3,2
28,6,4,6
28,6,5,-1
28,6,6,-1
28,6,7,-1
28,6,8,-1
28,6,9,-1
28,6,10,-1
28,7,0,-1
28,7,1,-1
28,7,2,-1
28,7,3,2
28,7,4,6
28,7,5,-1
28,7,6,-1
28,7,7,-1
28,7,8,-1
28,7,9,-1
28,7,10,-1
28,8,0,-1
28,8,1,-1
28,8,2,-1
28,8,3,2
28,8,4,3
28,8,5,-1
28,8,6,-1
28,8,7,-1
28,8,8,-1
28,8,9,-1
28,8,10,-1
28,9,0,-1
28,9,1,-1
28,9,2,-1
28,9,3,2
28,9,4,3
28,9,5,-1
28,9,6,-1
28,9,7,-1
28,9,8,-1
28,9,9,-1
28,9,10,-1
28,10,0,-1
28,10,1,-1
28,10,2,-1
28,10,3,2
28,10,4,3
28,10,5,-1
28,10,6,-1
28,10,7,-1
28,10,8,-1
28,10,9,-1
28,10,10,-1
28,11,0,-1
28,11,1,-1
28,11,2,-1
28,11,3,2
28,11,4,3
28,11,5,-1
28,11,6,-1
28,11,7,-1
28,11,8,-1
28,11,9,-1
28,11,10,-1
28,12,0,-1
28,12,1,-1
28,12,2,-1
28,12,3,2
28,12,4,-1
28,12,5,-1
28,12,6,-1
28,12,7,-1
28,12,8,-1
28,12,9,-1
28,12,10,-1
28,13,0,-1
28,13,1,-1
28,13,2,-1
28,13,3,2
28,13,4,-1
28,13,5,-1
28,13,6,-1
28,13,7,-1
28,13,8,-1
28,13,9,-1
28,13,10,-1
28,14,0,-1
28,14,1,-1
28,14,2,-1
28,14,3,2
28,14,4,-1
28,14,5,-1
28,14,6,-1
28,14,7,-1
28,14,8,-1
28,14,9,-1
28,14,10,-1
28,15,0,-1
28,15,1,-1
28,15,2,-1
28,15,3,2
28,15,4,-1
28,15,5,-1
28,15,6,-1
28,15,7,-1
28,15,8,-1
28,15,9,-1
28,15,10,-1
28,16,0,-1
28,16,1,-1
28,16,2,-1
28,16,3,2
28,16,4,-1
28,16,5,-1
28,16,6,-1
28,16,7,-1
28,16,8,-1
28,16,9,-1
28,16,10,-1
28,17,0,-1
28,17,1,-1
28,17,2,-1
28,17,3,2
28,17,4,-1
28,17,5,-1
28,17,6,-1
28,17,7,-1
28,17,8,-1
28,17,9,-1
28,17,10,-1
28,18,0,-1
28,18,1,-1
28,18,2,-1
28,18,3,2
28,18,4,-1
28,18,5,-1
28,18,6,-1
28,18,7,-1
28,18,8,-1
28,18,9,-1
28,18,10,-1
28,19,0,-1
28,19,1,-1
28,19,2,-1
28,19,3,2
28,19,4,-1
28,19,5,-1
28,19,6,-1
28,19,7,-1
28,19,8,-1
28,19,9,-1
28,19,10,-1
28,20,0,-1
28,20,1,-1
28,20,2,-1
28,20,3,2
28,20,4,-1
28,20,5,-1
28,20,6,-1
28,20,7,-1
28,20,8,-1
28,20,9,-1
28,20,10,-1
28,21,0,-1
28,21,1,-1
28,21,2,-1
28,21,3,2
28,21,4,-1
28,21,5,-1
28,21,6,-1
28,21,7,-1
28,21,8,-1
28,21,9,-1
28,21,10,-1
28,22,0,-1
28,22,1,-1
28,22,2,-1
28,22,3,2
28,22,4,-1
28,22,5,-1
28,22,6,-1
28,22,7,-1
28,22,8,-1
28,22,9,-1
28,22,10,-1
28,23,0,-1
28,23,1,-1
28,23,2,-1
28,23,3,2
28,23,4,-1
28,23,5,-1
28,23,6,-1
28,23,7,-1
28,23,8,-1
28,23,9,-1
28,23,10,-1
28,24,0,-1
28,24,1,-1
28,24,2,-1
28,24,3,-1
28,24,4,-1
28,24,5,-1
28,24,6,-1
28,24,7,-1
28,24,8,-1
28,24,9,-1
28,24,10,-1
28,25,0,-1
28,25,1,-1
28,25,2,-1
28,25,3,-1
28,25,4,-1
28,25,5,-1
28,25,6,-1
28,25,7,-1
28,25,8,-1
28,25,9,-1
28,25,10,-1
28,26,0,-1
28,26,1,-1
28,26,2,-1
28,26,3,-1
28,26,4,-1
28,26,5,-1
28,26,6,-1
28,26,7,-1
28,26,8,-1
28,26,9,-1
28,26,10,-1
28,27,0,-1
28,27,1,-1
28,27,2,-1
28,27,3,-1
28,27,4,-1
28,27,5,-1
28,27,6,-1
28,27,7,-1
28,27,8,-1
28,27,9,-1
28,27,10,-1
28,28,0,-1
28,28,1,-1
28,28,2,-1
28,28,3,-1
28,28,4,-1
28,28,5,-1
28,28,6,-1
28,28,7,-1
28,28,8,-1
28,28,9,-1
28,28,10,-1
28,29,0,-1
28,29,1,-1
28,29,2,-1
28,29,3,-1
28,29,4,-1
28,29,5,-1
28,29,6,-1
28,29,7,-1
28,29,8,-1
28,29,9,-1
28,29,10,-1
28,30,0,-1
28,30,1,-1
28,30,2,-1
28,30,3,-1
28,30,4,-1
28,30,5,-1
28,30,6,-1
28,30,7,-1
28,30,8,-1
28,30,9,-1
28,30,10,-1
28,31,0,-1
28,31,1,-1
28,31,2,-1
28,31,3,-1
28,31,4,-1
28,31,5,-1
28,31,6,-1
28,31,7,-1
28,31,8,-1
28,31,9,-1
28,31,10,-1
28,32,0,-1
28,32,1,-1
28,32,2,-1
28,32,3,-1
28,32,4,-1
28,32,5,-1
28,32,6,-1
28,32,7,-1
28,32,8,-1
28,32,9,-1
28,32,10,-1
28,33,0,-1
28,33,1,-1
28,33,2,-1
28,33,3,-1
28,33,4,-1
28,33,5,-1
28,33,6,-1
28,33,7,-1
28,33,8,-1
28,33,9,-1
28,33,10,-1
28,34,0,-1
28,34,1,-1
28,34,2,-1
28,34,3,-1
28,34,4,-1
28,34,5,-1
28,34,6,-1
28,34,7,-1
28,34,8,-1
28,34,9,-1
28,34,10,-1
28,35,0,-1
28,35,1,-1
28,35,2,-1
28,35,3,-1
28,35,4,-1
28,35,5,-1
28,35,6,-1
28,35,7,-1
28,35,8,-1
28,35,9,-1
28,35,10,-1
28,36,0,-1
28,36,1,-1
28,36,2,-1
28,36,3,-1
28,36,4,-1
28,36,5,-1
28,36,6,-1
28,36,7,-1
28,36,8,-1
28,36,9,-1
28,36,10,-1
28,37,0,-1
28,37,1,-1
28,37,2,-1
28,37,3,-1
28,37,4,-1
28,37,5,-1
28,37,6,-1
28,37,7,-1
28,37,8,-1
28,37,9,-1
28,37,10,-1
28,38,0,-1
28,38,1,-1
28,38,2,-1
28,38,3,-1
28,38,4,-1
28,38,5,-1
28,38,6,-1
28,38,7,-1
28,38,8,-1
28,38,9,-1
28,38,10,-1
28,39,0,-1
28,39,1,-1
28,39,2,-1
28,39,3,-1
28,39,4,-1
28,39,5,-1
28,39,6,-1
28,39,7,-1
28,39,8,-1
28,39,9,-1
28,39,10,-1
29,0,0,-1
29,0,1,-1
29,0,2,-1
29,0,3,-1
29,0,4,-1
29,0,5,-1
29,0,6,-1
29,0,7,-1
29,0,8,-1
29,0,9,-1
29,0,10,-1
29,1,0,-1
29,1,1,-1
29,1,2,-1
29,1,3,-1
29,1,4,-1
29,1,5,-1
29,1,6,-1
29,1,7,-1
29,1,8,-1
29,1,9,-1
29,1,10,-1
29,2,0,-1
29,2,1,-1
29,2,2,-1
29,2,3,18
29,2,4,6
29,2,5,-1
29,2,6,-1
29,2,7,-1
29,2,8,-1
29,2,9,-1
29,2,10,-1
29,3,0,-1
29,3,1,-1
29,3,2,-1
29,3,3,18
29,3,4,6
29,3,5,-1
29,3,6,-1
29,3,7,-1
29,3,8,-1
29,3,9,-1
29,3,10,-1
29,4,0,-1
29,4,1,-1
29,4,2,-1
29,4,3,2
29,4,4,6
29,4,5,-1
29,4,6,-1
29,4,7,-1
29,4,8,-1
29,4,9,-1
29,4,10,-1
29,5,0,-1
29,5,1,-1
29,5,2,-1
29,5,3,2
29,5,4,6
29,5,5,-1
29,5,6,-1
29,5,7,-1
29,5,8,-1
29,5,9,-1
29,5,10,-1
29,6,0,-1
29,6,1,-1
29,6,2,-1
29,6,3,2
29,6,4,6
29,6,5,-1
29,6,6,-1
29,6,7,-1
29,6,8,-1
29,6,9,-1
29,6,10,-1
29,7,0,-1
29,7,1,-1
29,7,2,-1
29,7,3,2
29,7,4,6
29,7,5,-1
29,7,6,-1
29,7,7,-1
29,7,8,-1
29,7,9,-1
29,7,10,-1
29,8,0,-1
29,8,1,-1
29,8,2,-1
29,8,3,2
29,8,4,3
29,8,5,-1
29,8,6,-1
29,8,7,-1
29,8,8,-1
29,8,9,-1
29,8,10,-1
29,9,0,-1
29,9,1,-1
29,9,2,-1
29,9,3,2
29,9,4,3
29,9,5,-1
29,9,6,-1
29,9,7,-1
29,9,8,-1
29,9,9,-1
29,9,10,-1
29,10,0,-1
29,10,1,-1
29,10,2,-1
29,10,3,2
29,10,4,3
29,10,5,-1
29,10,6,-1
29,10,7,-1
29,10,8,-1
29,10,9,-1
29,10,10,-1
29,11,0,-1
29,11,1,-1
29,11,2,-1
29,11,3,2
29,11,4,3
29,11,5,-1
29,11,6,-1
29,11,7,-1
29,11,8,-1
29,11,9,-1
29,11,10,-1
29,12,0,-1
29,12,1,-1
29,12,2,-1
29,12,3,2
29,12,4,-1
29,12,5,-1
29,12,6,-1
29,12,7,-1
29,12,8,-1
29,12,9,-1
29,12,10,-1
29,13,0,-1
29,13,1,-1
29,13,2,-1
29,13,3,2
29,13,4,-1
29,13,5,-1
29,13,6,-1
29,13,7,-1
29,13,8,-1
29,13,9,-1
29,13,10,-1
29,14,0,-1
29,14,1,-1
29,14,2,-1
29,14,3,2
29,14,4,-1
29,14,5,-1
29,14,6,-1
29,14,7,-1
29,14,8,-1
29,14,9,-1
29,14,10,-1
29,15,0,-1
29,15,1,-1
29,15,2,-1
29,15,3,2
29,15,4,-1
29,15,5,-1
29,15,6,-1
29,15,7,-1
29,15,8,-1
29,15,9,-1
29,15,10,-1
29,16,0,-1
29,16,1,-1
29,16,2,-1
29,16,3,2
29,16,4,-1
29,16,5,-1
29,16,6,-1
29,16,7,-1
29,16,8,-1
29,16,9,-1
29,16,10,-1
29,17,0,-1
29,17,1,-1
29,17,2,-1
29,17,3,2
29,17,4,-1
29,17,5,-1
29,17,6,-1
29,17,7,-1
29,17,8,-1
29,17,9,-1
29,17,10,-1
29,18,0,-1
29,18,1,-1
29,18,2,-1
29,18,3,2
29,18,4,-1
29,18,5,-1
29,18,6,-1
29,18,7,-1
29,18,8,-1
29,18,9,-1
29,18,10,-1
29,19,0,-1
29,19,1,-1
29,19,2,-1
29,19,3,2
29,19,4,-1
29,19,5,-1
29,19,6,-1
29,19,7,-1
29,19,8,-1
29,19,9,-1
29,19,10,-1
29,20,0,-1
29,20,1,-1
29,20,2,-1
29,20,3,2
29,20,4,-1
29,20,5,-1
29,20,6,-1
29,20,7,-1
29,20,8,-1
29,20,9,-1
29,20,10,-1
29,21,0,-1
29,21,1,-1
29,21,2,-1
29,21,3,2
29,21,4,-1
29,21,5,-1
29,21,6,-1
29,21,7,-1
29,21,8,-1
29,21,9,-1
29,21,10,-1
29,22,0,-1
29,22,1,-1
29,22,2,-1
29,22,3,2
29,22,4,-1
29,22,5,-1
29,22,6,-1
29,22,7,-1
29,22,8,-1
29,22,9,-1
29,22,10,-1
29,23,0,-1
29,23,1,-1
29,23,2,-1
29,23,3,2
29,23,4,-1
29,23,5,-1
29,23,6,-1
29,23,7,-1
29,23,8,-1
29,23,9,-1
29,23,10,-1
29,24,0,-1
29,24,1,-1
29,24,2,-1
29,24,3,2
29,24,4,-1
29,24,5,-1
29,24,6,-1
29,24,7,-1
29,24,8,-1
29,24,9,-1
29,24,10,-1
29,25,0,-1
29,25,1,-1
29,25,2,-1
29,25,3,-1
29,25,4,-1
29,25,5,-1
29,25,6,-1
29,25,7,-1
29,25,8,-1
29,25,9,-1
29,25,10,-1
29,26,0,-1
29,26,1,-1
29,26,2,-1
29,26,3,-1
29,26,4,-1
29,26,5,-1
29,26,6,-1
29,26,7,-1
29,26,8,-1
29,26,9,-1
29,26,10,-1
29,27,0,-1
29,27,1,-1
29,27,2,-1
29,27,3,-1
29,27,4,-1
29,27,5,-1
29,27,6,-1
29,27,7,-1
29,27,8,-1
29,27,9,-1
29,27,10,-1
29,28,0,-1
29,28,1,-1
29,28,2,-1
29,28,3,-1
29,28,4,-1
29,28,5,-1
29,28,6,-1
29,28,7,-1
29,28,8,-1
29,28,9,-1
29,28,10,-1
29,29,0,-1
29,29,1,-1
29,29,2,-1
29,29,3,-1
29,29,4,-1
29,29,5,-1
29,29,6,-1
29,29,7,-1
29,29,8,-1
29,29,9,-1
29,29,10,-1
29,30,0,-1
29,30,1,-1
29,30,2,-1
29,30,3,-1
29,30,4,-1
29,30,5,-1
29,30,6,-1
29,30,7,-1
29,30,8,-1
29,30,9,-1
29,30,10,-1
29,31,0,-1
29,31,1,-1
29,31,2,-1
29,31,3,-1
29,31,4,-1
29,31,5,-1
29,31,6,-1
29,31,7,-1
29,31,8,-1
29,31,9,-1
29,31,10,-1
29,32,0,-1
29,32,1,-1
29,32,2,-1
29,32,3,-1
29,32,4,-1
29,32,5,-1
29,32,6,-1
29,32,7,-1
29,32,8,-1
29,32,9,-1
29,32,10,-1
29,33,0,-1
29,33,1,-1
29,33,2,-1
29,33,3,-1
29,33,4,-1
29,33,5,-1
29,33,6,-1
29,33,7,-1
29,33,8,-1
29,33,9,-1
29,33,10,-1
29,34,0,-1
29,34,1,-1
29,34,2,-1
29,34,3,-1
29,34,4,-1
29,34,5,-1
29,34,6,-1
29,34,7,-1
29,34,8,-1
29,34,9,-1
29,34,10,-1
29,35,0,-1
29,35,1,-1
29,35,2,-1
29,35,3,-1
29,35,4,-1
29,35,5,-1
29,35,6,-1
29,35,7,-1
29,35,8,-1
29,35,9,-1
29,35,10,-1
29,36,0,-1
29,36,1,-1
29,36,2,-1
29,36,3,-1
29,36,4,-1
29,36,5,-1
29,36,6,-1
29,36,7,-1
29,36,8,-1
29,36,9,-1
29,36,10,-1
29,37,0,-1
29,37,1,-1
29,37,2,-1
29,37,3,-1
29,37,4,-1
29,37,5,-1
29,37,6,-1
29,37,7,-1
29,37,8,-1
29,37,9,-1
29,37,10,-1
29,38,0,-1
29,38,1,-1
29,38,2,-1
29,38,3,-1
29,38,4,-1
29,38,5,-1
29,38,6,-1
29,38,7,-1
29,38,8,-1
29,38,9,-1
29,38,10,-1
29,39,0,-1
29,39,1,-1
29,39,2,-1
29,39,3,-1
29,39,4,-1
29,39,5,-1
29,39,6,-1
29,39,7,-1
29,39,8,-1
29,39,9,-1
29,39,10,-1
30,0,0,-1
30,0,1,-1
30,0,2,-1
30,0,3,-1
30,0,4,-1
30,0,5,-1
30,0,6,-1
30,0,7,-1
30,0,8,-1
30,0,9,-1
30,0,10,-1
30,1,0,-1
30,1,1,-1
30,1,2,-1
30,1,3,-1
30,1,4,-1
30,1,5,-1
30,1,6,-1
30,1,7,-1
30,1,8,-1
30,1,9,-1
30,1,10,-1
30,2,0,-1
30,2,1,-1
30,2,2,-1
30,2,3,18
30,2,4,6
30,2,5,-1
30,2,6,-1
30,2,7,-1
30,2,8,-1
30,2,9,-1
30,2,10,-1
30,3,0,-1
30,3,1,-1
30,3,2,-1
30,3,3,18
30,3,4,6
30,3,5,-1
30,3,6,-1
30,3,7,-1
30,3,8,-1
30,3,9,-1
30,3,10,-1
30,4,0,-1
30,4,1,-1
30,4,2,-1
30,4,3,2
30,4,4,6
30,4,5,-1
30,4,6,-1
30,4,7,-1
30,4,8,-1
30,4,9,-1
30,4,10,-1
30,5,0,-1
30,5,1,-1
30,5,2,-1
30,5,3,2
30,5,4,6
30,5,5,-1
30,5,6,-1
30,5,7,-1
30,5,8,-1
30,5,9,-1
30,5,10,-1
30,6,0,-1
30,6,1,-1
30,6,2,-1
30,6,3,2
30,6,4,6
30,6,5,-1
30,6,6,-1
30,6,7,-1
30,6,8,-1
30,6,9,-1
30,6,10,-1
30,7,0,-1
30,7,1,-1
30,7,2,-1
30,7,3,2
30,7,4,6
30,7,5,-1
30,7,6,-1
30,7,7,-1
30,7,8,-1
30,7,9,-1
30,7,10,-1
30,8,0,-1
30,8,1,-1
30,8,2,-1
30,8,3,2
30,8,4,3
30,8,5,-1
30,8,6,-1
30,8,7,-1
30,8,8,-1
30,8,9,-1
30,8,10,-1
30,9,0,-1
30,9,1,-1
30,9,2,-1
30,9,3,2
30,9,4,3
30,9,5,-1
30,9,6,-1
30,9,7,-1
30,9,8,-1
30,9,9,-1
30,9,10,-1
30,10,0,-1
30,10,1,-1
30,10,2,-1
30,10,3,2
30,10,4,3
30,10,5,-1
30,10,6,-1
30,10,7,-1
30,10,8,-1
30,10,9,-1
30,10,10,-1
30,11,0,-1
30,11,1,-1
30,11,2,-1
30,11,3,2
30,11,4,3
30,11,5,-1
30,11,6,-1
30,11,7,-1
30,11,8,-1
30,11,9,-1
30,11,10,-1
30,12,0,-1
30,12,1,-1
30,12,2,-1
30,12,3,2
30,12,4,-1
30,12,5,-1
30,12,6,-1
30,12,7,-1
30,12,8,-1
30,12,9,-1
30,12,10,-1
30,13,0,-1
30,13,1,-1
30,13,2,-1
30,13,3,2
30,13,4,-1
30,13,5,-1
30,13,6,-1
30,13,7,-1
30,13,8,-1
30,13,9,-1
30,13,10,-1
30,14,0,-1
30,14,1,-1
30,14,2,-1
30,14,3,2
30,14,4,-1
30,14,5,-1
30,14,6,-1
30,14,7,-1
30,14,8,-1
30,14,9,-1
30,14,10,-1
30,15,0,-1
30,15,1,-1
30,15,2,-1
30,15,3,2
30,15,4,-1
30,15,5,-1
30,15,6,-1
30,15,7,-1
30,15,8,-1
30,15,9,-1
30,15,10,-1
30,16,0,-1
30,16,1,-1
30,16,2,-1
30,16,3,2
30,16,4,-1
30,16,5,-1
30,16,6,-1
30,16,7,-1
30,16,8,-1
30,16,9,-1
30,16,10,-1
30,17,0,-1
30,17,1,-1
30,17,2,-1
30,17,3,2
30,17,4,-1
30,17,5,-1
30,17,6,-1
30,17,7,-1
30,17,8,-1
30,17,9,-1
30,17,10,-1
30,18,0,-1
30,18,1,-1
30,18,2,-1
30,18,3,2
30,18,4,-1
30,18,5,-1
30,18,6,-1
30,18,7,-1
30,18,8,-1
30,18,9,-1
30,18,10,-1
30,19,0,-1
30,19,1,-1
30,19,2,-1
30,19,3,2
30,19,4,-1
30,19,5,-1
30,19,6,-1
30,19,7,-1
30,19,8,-1
30,19,9,-1
30,19,10,-1
30,20,0,-1
30,20,1,-1
30,20,2,-1
30,20,3,2
30,20,4,-1
30,20,5,-1
30,20,6,-1
30,20,7,-1
30,20,8,-1
30,20,9,-1
30,20,10,-1
30,21,0,-1
30,21,1,-1
30,21,2,-1
30,21,3,2
30,21,4,-1
30,21,5,-1
30,21,6,-1
30,21,7,-1
30,21,8,-1
30,21,9,-1
30,21,10,-1
30,22,0,-1
30,22,1,-1
30,22,2,-1
30,22,3,2
30,22,4,-1
30,22,5,-1
30,22,6,-1
30,22,7,-1
30,22,8,-1
30,22,9,-1
30,22,10,-1
30,23,0,-1
30,23,1,-1
30,23,2,-1
30,23,3,2
30,23,4,-1
30,23,5,-1
30,23,6,-1
30,23,7,-1
30,23,8,-1
30,23,9,-1
30,23,10,-1
30,24,0,-1
30,24,1,-1
30,24,2,-1
30,24,3,2
30,24,4,-1
30,24,5,-1
30,24,6,-1
30,24,7,-1
30,24,8,-1
30,24,9,-1
30,24,10,-1
30,25,0,-1
30,25,1,-1
30,25,2,-1
30,25,3,-1
30,25,4,-1
30,25,5,-1
30,25,6,-1
30,25,7,-1
30,25,8,-1
30,25,9,-1
30,25,10,-1
30,26,0,-1
30,26,1,-1
30,26,2,-1
30,26,3,-1
30,26,4,-1
30,26,5,-1
30,26,6,-1
30,26,7,-1
30,26,8,-1
30,26,9,-1
30,26,10,-1
30,27,0,-1
30,27,1,-1
30,27,2,-1
30,27,3,-1
30,27,4,-1
30,27,5,-1
30,27,6,-1
30,27,7,-1
30,27,8,-1
30,27,9,-1
30,27,10,-1
30,28,0,-1
30,28,1,-1
30,28,2,-1
30,28,3,-1
30,28,4,-1
30,28,5,-1
30,28,6,-1
30,28,7,-1
30,28,8,-1
30,28,9,-1
30,28,10,-1
30,29,0,-1
30,29,1,-1
30,29,2,-1
30,29,3,-1
30,29,4,-1
30,29,5,-1
30,29,6,-1
30,29,7,-1
30,29,8,-1
30,29,9,-1
30,29,10,-1
30,30,0,-1
30,30,1,-1
30,30,2,-1
30,30,3,-1
30,30,4,-1
30,30,5,-1
30,30,6,-1
30,30,7,-1
30,30,8,-1
30,30,9,-1
30,30,10,-1
30,31,0,-1
30,31,1,-1
30,31,2,-1
30,31,3,-1
30,31,4,-1
30,31,5,-1
30,31,6,-1
30,31,7,-1
30,31,8,-1
30,31,9,-1
30,31,10,-1
30,32,0,-1
30,32,1,-1
30,32,2,-1
30,32,3,-1
30,32,4,-1
30,32,5,-1
30,32,6,-1
30,32,7,-1
30,32,8,-1
30,32,9,-1
30,32,10,-1
30,33,0,-1
30,33,1,-1
30,33,2,-1
30,33,3,-1
30,33,4,-1
30,33,5,-1
30,33,6,-1
30,33,7,-1
30,33,8,-1
30,33,9,-1
30,33,10,-1
30,34,0,-1
30,34,1,-1
30,34,2,-1
30,34,3,-1
30,34,4,-1
30,34,5,-1
30,34,6,-1
30,34,7,-1
30,34,8,-1
30,34,9,-1
30,34,10,-1
30,35,0,-1
30,35,1,-1
30,35,2,-1
30,35,3,-1
30,35,4,-1
30,35,5,-1
30,35,6,-1
30,35,7,-1
30,35,8,-1
30,35,9,-1
30,35,10,-1
30,36,0,-1
30,36,1,-1
30,36,2,-1
30,36,3,-1
30,36,4,-1
30,36,5,-1
30,36,6,-1
30,36,7,-1
30,36,8,-1
30,36,9,-1
30,36,10,-1
30,37,0,-1
30,37,1,-1
30,37,2,-1
30,37,3,-1
30,37,4,-1
30,37,5,-1
30,37,6,-1
30,37,7,-1
30,37,8,-1
30,37,9,-1
30,37,10,-1
30,38,0,-1
30,38,1,-1
30,38,2,-1
30,38,3,-1
30,38,4,-1
30,38,5,-1
30,38,6,-1
30,38,7,-1
30,38,8,-1
30,38,9,-1
30,38,10,-1
30,39,0,-1
30,39,1,-1
30,39,2,-1
30,39,3,-1
30,39,4,-1
30,39,5,-1
30,39,6,-1
30,39,7,-1
30,39,8,-1
30,39,9,-1
30,39,10,-1
31,0,0,-1
31,0,1,-1
31,0,2,-1
31,0,3,-1
31,0,4,-1
31,0,5,-1
31,0,6,-1
31,0,7,-1
31,0,8,-1
31,0,9,-1
31,0,10,-1
31,1,0,-1
31,1,1,-1
31,1,2,-1
31,1,3,-1
31,1,4,-1
31,1,5,-1
31,1,6,-1
31,1,7,-1
31,1,8,-1
31,1,9,-1
31,1,10,-1
31,2,0,-1
31,2,1,-1
31,2,2,-1
31,2,3,18
31,2,4,6
31,2,5,-1
31,2,6,-1
31,2,7,-1
31,2,8,-1
31,2,9,-1
31,2,10,-1
31,3,0,-1
31,3,1,-1
31,3,2,-1
31,3,3,18
31,3,4,6
31,3,5,-1
31,3,6,-1
31,3,7,-1
31,3,8,-1
31,3,9,-1
31,3,10,-1
31,4,0,-1
31,4,1,-1
31,4,2,-1
31,4,3,2
31,4,4,6
31,4,5,-1
31,4,6,-1
31,4,7,-1
31,4,8,-1
31,4,9,-1
31,4,10,-1
31,5,0,-1
31,5,1,-1
31,5,2,-1
31,5,3,2
31,5,4,6
31,5,5,-1
31,5,6,-1
31,5,7,-1
31,5,8,-1
31,5,9,-1
31,5,10,-1
31,6,0,-1
31,6,1,-1
31,6,2,-1
31,6,3,2
31,6,4,6
31,6,5,-1
31,6,6,-1
31,6,7,-1
31,6,8,-1
31,6,9,-1
31,6,10,-1
31,7,0,-1
31,7,1,-1
31,7,2,-1
31,7,3,2
31,7,4,6
31,7,5,-1
31,7,6,-1
31,7,7,-1
31,7,8,-1
31,7,9,-1
31,7,10,-1
31,8,0,-1
31,8,1,-1
31,8,2,-1
31,8,3,2
31,8,4,3
31,8,5,-1
31,8,6,-1
31,8,7,-1
31,8,8,-1
31,8,9,-1
31,8,10,-1
31,9,0,-1
31,9,1,-1
31,9,2,-1
31,9,3,2
31,9,4,3
31,9,5,-1
31,9,6,-1
31,9,7,-1
31,9,8,-1
31,9,9,-1
31,9,10,-1
31,10,0,-1
31,10,1,-1
31,10,2,-1
31,10,3,2
31,10,4,3
31,10,5,-1
31,10,6,-1
31,10,7,-1
31,10,8,-1
31,10,9,-1
31,10,10,-1
31,11,0,-1
31,11,1,-1
31,11,2,-1
31,11,3,2
31,11,4,3
31,11,5,-1
31,11,6,-1
31,11,7,-1
31,11,8,-1
31,11,9,-1
31,11,10,-1
31,12,0,-1
31,12,1,-1
31,12,2,-1
31,12,3,2
31,12,4,-1
31,12,5,-1
31,12,6,-1
31,12,7,-1
31,12,8,-1
31,12,9,-1
31,12,10,-1
31,13,0,-1
31,13,1,-1
31,13,2,-1
31,13,3,2
31,13,4,-1
31,13,5,-1
31,13,6,-1
31,13,7,-1
31,13,8,-1
31,13,9,-1
31,13,10,-1
31,14,0,-1
31,14,1,-1
31,14,2,-1
31,14,3,2
31,14,4,-1
31,14,5,-1
31,14,6,-1
31,14,7,-1
31,14,8,-1
31,14,9,-1
31,14,10,-1
31,15,0,-1
31,15,1,-1
31,15,2,-1
31,15,3,2
31,15,4,-1
31,15,5,-1
31,15,6,-1
31,15,7,-1
31,15,8,-1
31,15,9,-1
31,15,10,-1
31,16,0,-1
31,16,1,-1
31,16,2,-1
31,16,3,2
31,16,4,-1
31,16,5,-1
31,16,6,-1
31,16,7,-1
31,16,8,-1
31,16,9,-1
31,16,10,-1
31,17,0,-1
31,17,1,-1
31,17,2,-1
31,17,3,2
31,17,4,-1
31,17,5,-1
31,17,6,-1
31,17,7,-1
31,17,8,-1
31,17,9,-1
31,17,10,-1
31,18,0,-1
31,18,1,-1
31,18,2,-1
31,18,3,2
31,18,4,-1
31,18,5,-1
31,18,6,-1
31,18,7,-1
31,18,8,-1
31,18,9,-1
31,18,10,-1
31,19,0,-1
31,19,1,-1
31,19,2,-1
31,19,3,2
31,19,4,-1
31,19,5,-1
31,19,6,-1
31,19,7,-1
31,19,8,-1
31,19,9,-1
31,19,10,-1
31,20,0,-1
31,20,1,-1
31,20,2,-1
31,20,3,2
31,20,4,-1
31,20,5,-1
31,20,6,-1
31,20,7,-1
31,20,8,-1
31,20,9,-1
31,20,10,-1
31,21,0,-1
31,21,1,-1
31,21,2,-1
31,21,3,2
31,21,4,-1
31,21,5,-1
31,21,6,-1
31,21,7,-1
31,21,8,-1
31,21,9,-1
31,21,10,-1
31,22,0,-1
31,22,1,-1
31,22,2,-1
31,22,3,2
31,22,4,-1
31,22,5,-1
31,22,6,-1
31,22,7,-1
31,22,8,-1
31,22,9,-1
31,22,10,-1
31,23,0,-1
31,23,1,-1
31,23,2,-1
31,23,3,2
31,23,4,-1
31,23,5,-1
31,23,6,-1
31,23,7,-1
31,23,8,-1
31,23,9,-1
31,23,10,-1
31,24,0,-1
31,24,1,-1
31,24,2,-1
31,24,3,2
31,24,4,-1
31,24,5,-1
31,24,6,-1
31,24,7,-1
31,24,8,-1
31,24,9,-1
31,24,10,-1
31,25,0,-1
31,25,1,-1
31,25,2,-1
31,25,3,-1
31,25,4,-1
31,25,5,-1
31,25,6,-1
31,25,7,-1
31,25,8,-1
31,25,9,-1
31,25,10,-1
31,26,0,-1
31,26,1,-1
31,26,2,-1
31,26,3,-1
31,26,4,-1
31,26,5,-1
31,26,6,-1
31,26,7,-1
31,26,8,-1
31,26,9,-1
31,26,10,-1
31,27,0,-1
31,27,1,-1
31,27,2,-1
31,27,3,-1
31,27,4,-1
31,27,5,-1
31,27,6,-1
31,27,7,-1
31,27,8,-1
31,27,9,-1
31,27,10,-1
31,28,0,-1
31,28,1,-1
31,28,2,-1
31,28,3,-1
31,28,4,-1
31,28,5,-1
31,28,6,-1
31,28,7,-1
31,28,8,-1
31,28,9,-1
31,28,10,-1
31,29,0,-1
31,29,1,-1
31,29,2,-1
31,29,3,-1
31,29,4,-1
31,29,5,-1
31,29,6,-1
31,29,7,-1
31,29,8,-1
31,29,9,-1
31,29,10,-1
31,30,0,-1
31,30,1,-1
31,30,2,-1
31,30,3,-1
31,30,4,-1
31,30,5,-1
31,30,6,-1
31,30,7,-1
31,30,8,-1
31,30,9,-1
31,30,10,-1
31,31,0,-1
31,31,1,-1
31,31,2,-1
31,31,3,-1
31,31,4,-1
31,31,5,-1
31,31,6,-1
31,31,7,-1
31,31,8,-1
31,31,9,-1
31,31,10,-1
31,32,0,-1
31,32,1,-1
31,32,2,-1
31,32,3,-1
31,32,4,-1
31,32,5,-1
31,32,6,-1
31,32,7,-1
31,32,8,-1
31,32,9,-1
31,32,10,-1
31,33,0,-1
31,33,1,-1
31,33,2,-1
31,33,3,-1
31,33,4,-1
31,33,5,-1
31,33,6,-1
31,33,7,-1
31,33,8,-1
31,33,9,-1
31,33,10,-1
31,34,0,-1
31,34,1,-1
31,34,2,-1
31,34,3,-1
31,34,4,-1
31,34,5,-1
31,34,6,-1
31,34,7,-1
31,34,8,-1
31,34,9,-1
31,34,10,-1
31,35,0,-1
31,35,1,-1
31,35,2,-1
31,35,3,-1
31,35,4,-1
31,35,5,-1
31,35,6,-1
31,35,7,-1
31,35,8,-1
31,35,9,-1
31,35,10,-1
31,36,0,-1
31,36,1,-1
31,36,2,-1
31,36,3,-1
31,36,4,-1
31,36,5,-1
31,36,6,-1
31,36,7,-1
31,36,8,-1
31,36,9,-1
31,36,10,-1
31,37,0,-1
31,37,1,-1
31,37,2,-1
31,37,3,-1
31,37,4,-1
31,37,5,-1
31,37,6,-1
31,37,7,-1
31,37,8,-1
31,37,9,-1
31,37,10,-1
31,38,0,-1
31,38,1,-1
31,38,2,-1
31,38,3,-1
31,38,4,-1
31,38,5,-1
31,38,6,-1
31,38,7,-1
31,38,8,-1
31,38,9,-1
31,38,10,-1
31,39,0,-1
31,39,1,-1
31,39,2,-1
31,39,3,-1
31,39,4,-1
31,39,5,-1
31,39,6,-1
31,39,7,-1
31,39,8,-1
31,39,9,-1
31,39,10,-1
32,0,0,-1
32,0,1,-1
32,0,2,-1
32,0,3,-1
32,0,4,-1
32,0,5,-1
32,0,6,-1
32,0,7,-1
32,0,8,-1
32,0,9,-1
32,0,10,-1
32,1,0,-1
32,1,1,-1
32,1,2,-1
32,1,3,-1
32,1,4,-1
32,1,5,-1
32,1,6,-1
32,1,7,-1
32,1,8,-1
32,1,9,-1
32,1,10,-1
32,2,0,-1
32,2,1,-1
32,2,2,-1
32,2,3,18
32,2,4,6
32,2,5,-1
32,2,6,-1
32,2,7,-1
32,2,8,-1
32,2,9,-1
32,2,10,-1
32,3,0,-1
32,3,1,-1
32,3,2,-1
32,3,3,18
32,3,4,6
32,3,5,-1
32,3,6,-1
32,3,7,-1
32,3,8,-1
32,3,9,-1
32,3,10,-1
32,4,0,-1
32,4,1,-1
32,4,2,-1
32,4,3,2
32,4,4,6
32,4,5,-1
32,4,6,-1
32,4,7,-1
32,4,8,-1
32,4,9,-1
32,4,10,-1
32,5,0,-1
32,5,1,-1
32,5,2,-1
32,5,3,2
32,5,4,6
32,5,5,-1
32,5,6,-1
32,5,7,-1
32,5,8,-1
32,5,9,-1
32,5,10,-1
32,6,0,-1
32,6,1,-1
32,6,2,-1
32,6,3,2
32,6,4,6
32,6,5,-1
32,6,6,-1
32,6,7,-1
32,6,8,-1
32,6,9,-1
32,6,10,-1
32,7,0,-1
32,7,1,-1
32,7,2,-1
32,7,3,2
32,7,4,6
32,7,5,-1
32,7,6,-1
32,7,7,-1
32,7,8,-1
32,7,9,-1
32,7,10,-1
32,8,0,-1
32,8,1,-1
32,8,2,-1
32,8,3,2
32,8,4,3
32,8,5,-1
32,8,6,-1
32,8,7,-1
32,8,8,-1
32,8,9,-1
32,8,10,-1
32,9,0,-1
32,9,1,-1
32,9,2,-1
32,9,3,2
32,9,4,3
32,9,5,-1
32,9,6,-1
32,9,7,-1
32,9,8,-1
32,9,9,-1
32,9,10,-1
32,10,0,-1
32,10,1,-1
32,10,2,-1
32,10,3,2
32,10,4,3
32,10,5,-1
32,10,6,-1
32,10,7,-1
32,10,8,-1
32,10,9,-1
32,10,10,-1
32,11,0,-1
32,11,1,-1
32,11,2,-1
32,11,3,2
32,11,4,3
32,11,5,-1
32,11,6,-1
32,11,7,-1
32,11,8,-1
32,11,9,-1
32,11,10,-1
32,12,0,-1
32,12,1,-1
32,12,2,-1
32,12,3,2
32,12,4,3
32,12,5,-1
32,12,6,-1
32,12,7,-1
32,12,8,-1
32,12,9,-1
32,12,10,-1
32,13,0,-1
32,13,1,-1
32,13,2,-1
32,13,3,2
32,13,4,-1
32,13,5,-1
32,13,6,-1
32,13,7,-1
32,13,8,-1
32,13,9,-1
32,13,10,-1
32,14,0,-1
32,14,1,-1
32,14,2,-1
32,14,3,2
32,14,4,-1
32,14,5,-1
32,14,6,-1
32,14,7,-1
32,14,8,-1
32,14,9,-1
32,14,10,-1
32,15,0,-1
32,15,1,-1
32,15,2,-1
32,15,3,2
32,15,4,-1
32,15,5,-1
32,15,6,-1
32,15,7,-1
32,15,8,-1
32,15,9,-1
32,15,10,-1
32,16,0,-1
32,16,1,-1
32,16,2,-1
32,16,3,2
32,16,4,-1
32,16,5,-1
32,16,6,-1
32,16,7,-1
32,16,8,-1
32,16,9,-1
32,16,10,-1
32,17,0,-1
32,17,1,-1
32,17,2,-1
32,17,3,2
32,17,4,-1
32,17,5,-1
32,17,6,-1
32,17,7,-1
32,17,8,-1
32,17,9,-1
32,17,10,-1
32,18,0,-1
32,18,1,-1
32,18,2,-1
32,18,3,2
32,18,4,-1
32,18,5,-1
32,18,6,-1
32,18,7,-1
32,18,8,-1
32,18,9,-1
32,18,10,-1
32,19,0,-1
32,19,1,-1
32,19,2,-1
32,19,3,2
32,19,4,-1
32,19,5,-1
32,19,6,-1
32,19,7,-1
32,19,8,-1
32,19,9,-1
32,19,10,-1
32,20,0,-1
32,20,1,-1
32,20,2,-1
32,20,3,2
32,20,4,-1
32,20,5,-1
32,20,6,-1
32,20,7,-1
32,20,8,-1
32,20,9,-1
32,20,10,-1
32,21,0,-1
32,21,1,-1
32,21,2,-1
32,21,3,2
32,21,4,-1
32,21,5,-1
32,21,6,-1
32,21,7,-1
32,21,8,-1
32,21,9,-1
32,21,10,-1
32,22,0,-1
32,22,1,-1
32,22,2,-1
32,22,3,2
32,22,4,-1
32,22,5,-1
32,22,6,-1
32,22,7,-1
32,22,8,-1
32,22,9,-1
32,22,10,-1
32,23,0,-1
32,23,1,-1
32,23,2,-1
32,23,3,2
32,23,4,-1
32,23,5,-1
32,23,6,-1
32,23,7,-1
32,23,8,-1
32,23,9,-1
32,23,10,-1
32,24,0,-1
32,24,1,-1
32,24,2,-1
32,24,3,2
32,24,4,-1
32,24,5,-1
32,24,6,-1
32,24,7,-1
32,24,8,-1
32,24,9,-1
32,24,10,-1
32,25,0,-1
32,25,1,-1
32,25,2,-1
32,25,3,-1
32,25,4,-1
32,25,5,-1
32,25,6,-1
32,25,7,-1
32,25,8,-1
32,25,9,-1
32,25,10,-1
32,26,0,-1
32,26,1,-1
32,26,2,-1
32,26,3,-1
32,26,4,-1
32,26,5,-1
32,26,6,-1
32,26,7,-1
32,26,8,-1
32,26,9,-1
32,26,10,-1
32,27,0,-1
32,27,1,-1
32,27,2,-1
32,27,3,-1
32,27,4,-1
32,27,5,-1
32,27,6,-1
32,27,7,-1
32,27,8,-1
32,27,9,-1
32,27,10,-1
32,28,0,-1
32,28,1,-1
32,28,2,-1
32,28,3,-1
32,28,4,-1
32,28,5,-1
32,28,6,-1
32,28,7,-1
32,28,8,-1
32,28,9,-1
32,28,10,-1
32,29,0,-1
32,29,1,-1
32,29,2,-1
32,29,3,-1
32,29,4,-1
32,29,5,-1
32,29,6,-1
32,29,7,-1
32,29,8,-1
32,29,9,-1
32,29,10,-1
32,30,0,-1
32,30,1,-1
32,30,2,-1
32,30,3,-1
32,30,4,-1
32,30,5,-1
32,30,6,-1
32,30,7,-1
32,30,8,-1
32,30,9,-1
32,30,10,-1
32,31,0,-1
32,31,1,-1
32,31,2,-1
32,31,3,-1
32,31,4,-1
32,31,5,-1
32,31,6,-1
32,31,7,-1
32,31,8,-1
32,31,9,-1
32,31,10,-1
32,32,0,-1
32,32,1,-1
32,32,2,-1
32,32,3,-1
32,32,4,-1
32,32,5,-1
32,32,6,-1
32,32,7,-1
32,32,8,-1
32,32,9,-1
32,32,10,-1
32,33,0,-1
32,33,1,-1
32,33,2,-1
32,33,3,-1
32,33,4,-1
32,33,5,-1
32,33,6,-1
32,33,7,-1
32,33,8,-1
32,33,9,-1
32,33,10,-1
32,34,0,-1
32,34,1,-1
32,34,2,-1
32,34,3,-1
32,34,4,-1
32,34,5,-1
32,34,6,-1
32,34,7,-1
32,34,8,-1
32,34,9,-1
32,34,10,-1
32,35,0,-1
32,35,1,-1
32,35,2,-1
32,35,3,-1
32,35,4,-1
32,35,5,-1
32,35,6,-1
32,35,7,-1
32,35,8,-1
32,35,9,-1
32,35,10,-1
32,36,0,-1
32,36,1,-1
32,36,2,-1
32,36,3,-1
32,36,4,-1
32,36,5,-1
32,36,6,-1
32,36,7,-1
32,36,8,-1
32,36,9,-1
32,36,10,-1
32,37,0,-1
32,37,1,-1
32,37,2,-1
32,37,3,-1
32,37,4,-1
32,37,5,-1
32,37,6,-1
32,37,7,-1
32,37,8,-1
32,37,9,-1
32,37,10,-1
32,38,0,-1
32,38,1,-1
32,38,2,-1
32,38,3,-1
32,38,4,-1
32,38,5,-1
32,38,6,-1
32,38,7,-1
32,38,8,-1
32,38,9,-1
32,38,10,-1
32,39,0,-1
32,39,1,-1
32,39,2,-1
32,39,3,-1
32,39,4,-1
32,39,5,-1
32,39,6,-1
32,39,7,-1
32,39,8,-1
32,39,9,-1
32,39,10,-1
33,0,0,-1
33,0,1,-1
33,0,2,-1
33,0,3,-1
33,0,4,-1
33,0,5,-1
33,0,6,-1
33,0,7,-1
33,0,8,-1
33,0,9,-1
33,0,10,-1
33,1,0,-1
33,1,1,-1
33,1,2,-1
33,1,3,-1
33,1,4,-1
33,1,5,-1
33,1,6,-1
33,1,7,-1
33,1,8,-1
33,1,9,-1
33,1,10,-1
33,2,0,-1
33,2,1,-1
33,2,2,-1
33,2,3,18
33,2,4,14
33,2,5,-1
33,2,6,-1
33,2,7,-1
33,2,8,-1
33,2,9,-1
33,2,10,-1
33,3,0,-1
33,3,1,-1
33,3,2,-1
33,3,3,18
33,3,4,6
33,3,5,-1
33,3,6,-1
33,3,7,-1
33,3,8,-1
33,3,9,-1
33,3,10,-1
33,4,0,-1
33,4,1,-1
33,4,2,-1
33,4,3,2
33,4,4,6
33,4,5,-1
33,4,6,-1
33,4,7,-1
33,4,8,-1
33,4,9,-1
33,4,10,-1
33,5,0,-1
33,5,1,-1
33,5,2,-1
33,5,3,2
33,5,4,6
33,5,5,-1
33,5,6,-1
33,5,7,-1
33,5,8,-1
33,5,9,-1
33,5,10,-1
33,6,0,-1
33,6,1,-1
33,6,2,-1
33,6,3,2
33,6,4,6
33,6,5,-1
33,6,6,-1
33,6,7,-1
33,6,8,-1
33,6,9,-1
33,6,10,-1
33,7,0,-1
33,7,1,-1
33,7,2,-1
33,7,3,4
33,7,4,6
33,7,5,-1
33,7,6,-1
33,7,7,-1
33,7,8,-1
33,7,9,-1
33,7,10,-1
33,8,0,-1
33,8,1,-1
33,8,2,-1
33,8,3,4
33,8,4,3
33,8,5,-1
33,8,6,-1
33,8,7,-1
33,8,8,-1
33,8,9,-1
33,8,10,-1
33,9,0,-1
33,9,1,-1
33,9,2,-1
33,9,3,4
33,9,4,3
33,9,5,-1
33,9,6,-1
33,9,7,-1
33,9,8,-1
33,9,9,-1
33,9,10,-1
33,10,0,-1
33,10,1,-1
33,10,2,-1
33,10,3,4
33,10,4,3
33,10,5,-1
33,10,6,-1
33,10,7,-1
33,10,8,-1
33,10,9,-1
33,10,10,-1
33,11,0,-1
33,11,1,-1
33,11,2,-1
33,11,3,4
33,11,4,3
33,11,5,-1
33,11,6,-1
33,11,7,-1
33,11,8,-1
33,11,9,-1
33,11,10,-1
33,12,0,-1
33,12,1,-1
33,12,2,-1
33,12,3,4
33,12,4,3
33,12,5,-1
33,12,6,-1
33,12,7,-1
33,12,8,-1
33,12,9,-1
33,12,10,-1
33,13,0,-1
33,13,1,-1
33,13,2,-1
33,13,3,4
33,13,4,3
33,13,5,-1
33,13,6,-1
33,13,7,-1
33,13,8,-1
33,13,9,-1
33,13,10,-1
33,14,0,-1
33,14,1,-1
33,14,2,-1
33,14,3,4
33,14,4,-1
33,14,5,-1
33,14,6,-1
33,14,7,-1
33,14,8,-1
33,14,9,-1
33,14,10,-1
33,15,0,-1
33,15,1,-1
33,15,2,-1
33,15,3,4
33,15,4,-1
33,15,5,-1
33,15,6,-1
33,15,7,-1
33,15,8,-1
33,15,9,-1
33,15,10,-1
33,16,0,-1
33,16,1,-1
33,16,2,-1
33,16,3,4
33,16,4,-1
33,16,5,-1
33,16,6,-1
33,16,7,-1
33,16,8,-1
33,16,9,-1
33,16,10,-1
33,17,0,-1
33,17,1,-1
33,17,2,-1
33,17,3,4
33,17,4,-1
33,17,5,-1
33,17,6,-1
33,17,7,-1
33,17,8,-1
33,17,9,-1
33,17,10,-1
33,18,0,-1
33,18,1,-1
33,18,2,-1
33,18,3,4
33,18,4,-1
33,18,5,-1
33,18,6,-1
33,18,7,-1
33,18,8,-1
33,18,9,-1
33,18,10,-1
33,19,0,-1
33,19,1,-1
33,19,2,-1
33,19,3,4
33,19,4,-1
33,19,5,-1
33,19,6,-1
33,19,7,-1
33,19,8,-1
33,19,9,-1
33,19,10,-1
33,20,0,-1
33,20,1,-1
33,20,2,-1
33,20,3,4
33,20,4,-1
33,20,5,-1
33,20,6,-1
33,20,7,-1
33,20,8,-1
33,20,9,-1
33,20,10,-1
33,21,0,-1
33,21,1,-1
33,21,2,-1
33,21,3,4
33,21,4,-1
33,21,5,-1
33,21,6,-1
33,21,7,-1
33,21,8,-1
33,21,9,-1
33,21,10,-1
33,22,0,-1
33,22,1,-1
33,22,2,-1
33,22,3,4
33,22,4,-1
33,22,5,-1
33,22,6,-1
33,22,7,-1
33,22,8,-1
33,22,9,-1
33,22,10,-1
33,23,0,-1
33,23,1,-1
33,23,2,-1
33,23,3,4
33,23,4,-1
33,23,5,-1
33,23,6,-1
33,23,7,-1
33,23,8,-1
33,23,9,-1
33,23,10,-1
33,24,0,-1
33,24,1,-1
33,24,2,-1
33,24,3,4
33,24,4,-1
33,24,5,-1
33,24,6,-1
33,24,7,-1
33,24,8,-1
33,24,9,-1
33,24,10,-1
33,25,0,-1
33,25,1,-1
33,25,2,-1
33,25,3,4
33,25,4,-1
33,25,5,-1
33,25,6,-1
33,25,7,-1
33,25,8,-1
33,25,9,-1
33,25,10,-1
33,26,0,-1
33,26,1,-1
33,26,2,-1
33,26,3,4
33,26,4,-1
33,26,5,-1
33,26,6,-1
33,26,7,-1
33,26,8,-1
33,26,9,-1
33,26,10,-1
33,27,0,-1
33,27,1,-1
33,27,2,-1
33,27,3,4
33,27,4,-1
33,27,5,-1
33,27,6,-1
33,27,7,-1
33,27,8,-1
33,27,9,-1
33,27,10,-1
33,28,0,-1
33,28,1,-1
33,28,2,-1
33,28,3,4
33,28,4,-1
33,28,5,-1
33,28,6,-1
33,28,7,-1
33,28,8,-1
33,28,9,-1
33,28,10,-1
33,29,0,-1
33,29,1,-1
33,29,2,-1
33,29,3,-1
33,29,4,-1
33,29,5,-1
33,29,6,-1
33,29,7,-1
33,29,8,-1
33,29,9,-1
33,29,10,-1
33,30,0,-1
33,30,1,-1
33,30,2,-1
33,30,3,-1
33,30,4,-1
33,30,5,-1
33,30,6,-1
33,30,7,-1
33,30,8,-1
33,30,9,-1
33,30,10,-1
33,31,0,-1
33,31,1,-1
33,31,2,-1
33,31,3,-1
33,31,4,-1
33,31,5,-1
33,31,6,-1
33,31,7,-1
33,31,8,-1
33,31,9,-1
33,31,10,-1
33,32,0,-1
33,32,1,-1
33,32,2,-1
33,32,3,21
33,32,4,-1
33,32,5,-1
33,32,6,-1
33,32,7,-1
33,32,8,-1
33,32,9,-1
33,32,10,-1
33,33,0,-1
33,33,1,-1
33,33,2,-1
33,33,3,21
33,33,4,-1
33,33,5,-1
33,33,6,-1
33,33,7,-1
33,33,8,-1
33,33,9,-1
33,33,10,-1
33,34,0,-1
33,34,1,-1
33,34,2,-1
33,34,3,-1
33,34,4,-1
33,34,5,-1
33,34,6,-1
33,34,7,-1
33,34,8,-1
33,34,9,-1
33,34,10,-1
33,35,0,-1
33,35,1,-1
33,35,2,-1
33,35,3,-1
33,35,4,-1
33,35,5,-1
33,35,6,-1
33,35,7,-1
33,35,8,-1
33,35,9,-1
33,35,10,-1
33,36,0,-1
33,36,1,-1
33,36,2,-1
33,36,3,-1
33,36,4,-1
33,36,5,-1
33,36,6,-1
33,36,7,-1
33,36,8,-1
33,36,9,-1
33,36,10,-1
33,37,0,-1
33,37,1,-1
33,37,2,-1
33,37,3,-1
33,37,4,-1
33,37,5,-1
33,37,6,-1
33,37,7,-1
33,37,8,-1
33,37,9,-1
33,37,10,-1
33,38,0,-1
33,38,1,-1
33,38,2,-1
33,38,3,-1
33,38,4,-1
33,38,5,-1
33,38,6,-1
33,38,7,-1
33,38,8,-1
33,38,9,-1
33,38,10,-1
33,39,0,-1
33,39,1,-1
33,39,2,-1
33,39,3,-1
33,39,4,-1
33,39,5,-1
33,39,6,-1
33,39,7,-1
33,39,8,-1
33,39,9,-1
33,39,10,-1
34,0,0,-1
34,0,1,-1
34,0,2,-1
34,0,3,-1
34,0,4,-1
34,0,5,-1
34,0,6,-1
34,0,7,-1
34,0,8,-1
34,0,9,-1
34,0,10,-1
34,1,0,-1
34,1,1,-1
34,1,2,-1
34,1,3,-1
34,1,4,-1
34,1,5,-1
34,1,6,-1
34,1,7,-1
34,1,8,-1
34,1,9,-1
34,1,10,-1
34,2,0,-1
34,2,1,-1
34,2,2,-1
34,2,3,18
34,2,4,14
34,2,5,-1
34,2,6,-1
34,2,7,-1
34,2,8,-1
34,2,9,-1
34,2,10,-1
34,3,0,-1
34,3,1,-1
34,3,2,-1
34,3,3,18
34,3,4,14
34,3,5,-1
34,3,6,-1
34,3,7,-1
34,3,8,-1
34,3,9,-1
34,3,10,-1
34,4,0,-1
34,4,1,-1
34,4,2,-1
34,4,3,19
34,4,4,14
34,4,5,-1
34,4,6,-1
34,4,7,-1
34,4,8,-1
34,4,9,-1
34,4,10,-1
34,5,0,-1
34,5,1,-1
34,5,2,-1
34,5,3,19
34,5,4,14
34,5,5,-1
34,5,6,-1
34,5,7,-1
34,5,8,-1
34,5,9,-1
34,5,10,-1
34,6,0,-1
34,6,1,-1
34,6,2,-1
34,6,3,4
34,6,4,14
34,6,5,-1
34,6,6,-1
34,6,7,-1
34,6,8,-1
34,6,9,-1
34,6,10,-1
34,7,0,-1
34,7,1,-1
34,7,2,-1
34,7,3,4
34,7,4,3
34,7,5,-1
34,7,6,-1
34,7,7,-1
34,7,8,-1
34,7,9,-1
34,7,10,-1
34,8,0,-1
34,8,1,-1
34,8,2,-1
34,8,3,4
34,8,4,3
34,8,5,-1
34,8,6,-1
34,8,7,-1
34,8,8,-1
34,8,9,-1
34,8,10,-1
34,9,0,-1
34,9,1,-1
34,9,2,-1
34,9,3,4
34,9,4,3
34,9,5,-1
34,9,6,-1
34,9,7,-1
34,9,8,-1
34,9,9,-1
34,9,10,-1
34,10,0,-1
34,10,1,-1
34,10,2,-1
34,10,3,4
34,10,4,3
34,10,5,-1
34,10,6,-1
34,10,7,-1
34,10,8,-1
34,10,9,-1
34,10,10,-1
34,11,0,-1
34,11,1,-1
34,11,2,-1
34,11,3,4
34,11,4,3
34,11,5,-1
34,11,6,-1
34,11,7,-1
34,11,8,-1
34,11,9,-1
34,11,10,-1
34,12,0,-1
34,12,1,-1
34,12,2,-1
34,12,3,4
34,12,4,3
34,12,5,-1
34,12,6,-1
34,12,7,-1
34,12,8,-1
34,12,9,-1
34,12,10,-1
34,13,0,-1
34,13,1,-1
34,13,2,-1
34,13,3,4
34,13,4,3
34,13,5,-1
34,13,6,-1
34,13,7,-1
34,13,8,-1
34,13,9,-1
34,13,10,-1
34,14,0,-1
34,14,1,-1
34,14,2,-1
34,14,3,4
34,14,4,3
34,14,5,-1
34,14,6,-1
34,14,7,-1
34,14,8,-1
34,14,9,-1
34,14,10,-1
34,15,0,-1
34,15,1,-1
34,15,2,-1
34,15,3,4
34,15,4,-1
34,15,5,-1
34,15,6,-1
34,15,7,-1
34,15,8,-1
34,15,9,-1
34,15,10,-1
34,16,0,-1
34,16,1,-1
34,16,2,-1
34,16,3,4
34,16,4,-1
34,16,5,-1
34,16,6,-1
34,16,7,-1
34,16,8,-1
34,16,9,-1
34,16,10,-1
34,17,0,-1
34,17,1,-1
34,17,2,-1
34,17,3,4
34,17,4,-1
34,17,5,-1
34,17,6,-1
34,17,7,-1
34,17,8,-1
34,17,9,-1
34,17,10,-1
34,18,0,-1
34,18,1,-1
34,18,2,-1
34,18,3,4
34,18,4,-1
34,18,5,-1
34,18,6,-1
34,18,7,-1
34,18,8,-1
34,18,9,-1
34,18,10,-1
34,19,0,-1
34,19,1,-1
34,19,2,-1
34,19,3,4
34,19,4,-1
34,19,5,-1
34,19,6,-1
34,19,7,-1
34,19,8,-1
34,19,9,-1
34,19,10,-1
34,20,0,-1
34,20,1,-1
34,20,2,-1
34,20,3,4
34,20,4,-1
34,20,5,-1
34,20,6,-1
34,20,7,-1
34,20,8,-1
34,20,9,-1
34,20,10,-1
34,21,0,-1
34,21,1,-1
34,21,2,-1
34,21,3,4
34,21,4,-1
34,21,5,-1
34,21,6,-1
34,21,7,-1
34,21,8,-1
34,21,9,-1
34,21,10,-1
34,22,0,-1
34,22,1,-1
34,22,2,-1
34,22,3,4
34,22,4,-1
34,22,5,-1
34,22,6,-1
34,22,7,-1
34,22,8,-1
34,22,9,-1
34,22,10,-1
34,23,0,-1
34,23,1,-1
34,23,2,-1
34,23,3,4
34,23,4,-1
34,23,5,-1
34,23,6,-1
34,23,7,-1
34,23,8,-1
34,23,9,-1
34,23,10,-1
34,24,0,-1
34,24,1,-1
34,24,2,-1
34,24,3,4
34,24,4,-1
34,24,5,-1
34,24,6,-1
34,24,7,-1
34,24,8,-1
34,24,9,-1
34,24,10,-1
34,25,0,-1
34,25,1,-1
34,25,2,-1
34,25,3,4
34,25,4,-1
34,25,5,-1
34,25,6,-1
34,25,7,-1
34,25,8,-1
34,25,9,-1
34,25,10,-1
34,26,0,-1
34,26,1,-1
34,26,2,-1
34,26,3,4
34,26,4,-1
34,26,5,-1
34,26,6,-1
34,26,7,-1
34,26,8,-1
34,26,9,-1
34,26,10,-1
34,27,0,-1
34,27,1,-1
34,27,2,-1
34,27,3,4
34,27,4,-1
34,27,5,-1
34,27,6,-1
34,27,7,-1
34,27,8,-1
34,27,9,-1
34,27,10,-1
34,28,0,-1
34,28,1,-1
34,28,2,-1
34,28,3,4
34,28,4,-1
34,28,5,-1
34,28,6,-1
34,28,7,-1
34,28,8,-1
34,28,9,-1
34,28,10,-1
34,29,0,-1
34,29,1,-1
34,29,2,-1
34,29,3,4
34,29,4,-1
34,29,5,-1
34,29,6,-1
34,29,7,-1
34,29,8,-1
34,29,9,-1
34,29,10,-1
34,30,0,-1
34,30,1,-1
34,30,2,-1
34,30,3,-1
34,30,4,-1
34,30,5,-1
34,30,6,-1
34,30,7,-1
34,30,8,-1
34,30,9,-1
34,30,10,-1
34,31,0,-1
34,31,1,-1
34,31,2,-1
34,31,3,-1
34,31,4,-1
34,31,5,-1
34,31,6,-1
34,31,7,-1
34,31,8,-1
34,31,9,-1
34,31,10,-1
34,32,0,-1
34,32,1,-1
34,32,2,-1
34,32,3,21
34,32,4,-1
34,32,5,-1
34,32,6,-1
34,32,7,-1
34,32,8,-1
34,32,9,-1
34,32,10,-1
34,33,0,-1
34,33,1,-1
34,33,2,-1
34,33,3,21
34,33,4,-1
34,33,5,-1
34,33,6,-1
34,33,7,-1
34,33,8,-1
34,33,9,-1
34,33,10,-1
34,34,0,-1
34,34,1,-1
34,34,2,-1
34,34,3,-1
34,34,4,-1
34,34,5,-1
34,34,6,-1
34,34,7,-1
34,34,8,-1
34,34,9,-1
34,34,10,-1
34,35,0,-1
34,35,1,-1
34,35,2,-1
34,35,3,-1
34,35,4,-1
34,35,5,-1
34,35,6,-1
34,35,7,-1
34,35,8,-1
34,35,9,-1
34,35,10,-1
34,36,0,-1
34,36,1,-1
34,36,2,-1
34,36,3,-1
34,36,4,-1
34,36,5,-1
34,36,6,-1
34,36,7,-1
34,36,8,-1
34,36,9,-1
34,36,10,-1
34,37,0,-1
34,37,1,-1
34,37,2,-1
34,37,3,-1
34,37,4,-1
34,37,5,-1
34,37,6,-1
34,37,7,-1
34,37,8,-1
34,37,9,-1
34,37,10,-1
34,38,0,-1
34,38,1,-1
34,38,2,-1
34,38,3,-1
34,38,4,-1
34,38,5,-1
34,38,6,-1
34,38,7,-1
34,38,8,-1
34,38,9,-1
34,38,10,-1
34,39,0,-1
34,39,1,-1
34,39,2,-1
34,39,3,-1
34,39,4,-1
34,39,5,-1
34,39,6,-1
34,39,7,-1
34,39,8,-1
34,39,9,-1
34,39,10,-1
35,0,0,-1
35,0,1,-1
35,0,2,-1
35,0,3,-1
35,0,4,-1
35,0,5,-1
35,0,6,-1
35,0,7,-1
35,0,8,-1
35,0,9,-1
35,0,10,-1
35,1,0,-1
35,1,1,-1
35,1,2,-1
35,1,3,-1
35,1,4,-1
35,1,5,-1
35,1,6,-1
35,1,7,-1
35,1,8,-1
35,1,9,-1
35,1,10,-1
35,2,0,-1
35,2,1,-1
35,2,2,-1
35,2,3,13
35,2,4,14
35,2,5,-1
35,2,6,-1
35,2,7,-1
35,2,8,-1
35,2,9,-1
35,2,10,-1
35,3,0,-1
35,3,1,-1
35,3,2,-1
35,3,3,18
35,3,4,14
35,3,5,-1
35,3,6,-1
35,3,7,-1
35,3,8,-1
35,3,9,-1
35,3,10,-1
35,4,0,-1
35,4,1,-1
35,4,2,-1
35,4,3,19
35,4,4,14
35,4,5,-1
35,4,6,-1
35,4,7,-1
35,4,8,-1
35,4,9,-1
35,4,10,-1
35,5,0,-1
35,5,1,-1
35,5,2,-1
35,5,3,19
35,5,4,14
35,5,5,-1
35,5,6,-1
35,5,7,-1
35,5,8,-1
35,5,9,-1
35,5,10,-1
35,6,0,-1
35,6,1,-1
35,6,2,-1
35,6,3,19
35,6,4,14
35,6,5,-1
35,6,6,-1
35,6,7,-1
35,6,8,-1
35,6,9,-1
35,6,10,-1
35,7,0,-1
35,7,1,-1
35,7,2,-1
35,7,3,19
35,7,4,3
35,7,5,-1
35,7,6,-1
35,7,7,-1
35,7,8,-1
35,7,9,-1
35,7,10,-1
35,8,0,-1
35,8,1,-1
35,8,2,-1
35,8,3,4
35,8,4,3
35,8,5,-1
35,8,6,-1
35,8,7,-1
35,8,8,-1
35,8,9,-1
35,8,10,-1
35,9,0,-1
35,9,1,-1
35,9,2,-1
35,9,3,4
35,9,4,3
35,9,5,-1
35,9,6,-1
35,9,7,-1
35,9,8,-1
35,9,9,-1
35,9,10,-1
35,10,0,-1
35,10,1,-1
35,10,2,-1
35,10,3,4
35,10,4,3
35,10,5,-1
35,10,6,-1
35,10,7,-1
35,10,8,-1
35,10,9,-1
35,10,10,-1
35,11,0,-1
35,11,1,-1
35,11,2,-1
35,11,3,4
35,11,4,3
35,11,5,-1
35,11,6,-1
35,11,7,-1
35,11,8,-1
35,11,9,-1
35,11,10,-1
35,12,0,-1
35,12,1,-1
35,12,2,-1
35,12,3,4
35,12,4,3
35,12,5,-1
35,12,6,-1
35,12,7,-1
35,12,8,-1
35,12,9,-1
35,12,10,-1
35,13,0,-1
35,13,1,-1
35,13,2,-1
35,13,3,4
35,13,4,3
35,13,5,-1
35,13,6,-1
35,13,7,-1
35,13,8,-1
35,13,9,-1
35,13,10,-1
35,14,0,-1
35,14,1,-1
35,14,2,-1
35,14,3,4
35,14,4,3
35,14,5,-1
35,14,6,-1
35,14,7,-1
35,14,8,-1
35,14,9,-1
35,14,10,-1
35,15,0,-1
35,15,1,-1
35,15,2,-1
35,15,3,4
35,15,4,3
35,15,5,-1
35,15,6,-1
35,15,7,-1
35,15,8,-1
35,15,9,-1
35,15,10,-1
35,16,0,-1
35,16,1,-1
35,16,2,-1
35,16,3,4
35,16,4,-1
35,16,5,-1
35,16,6,-1
35,16,7,-1
35,16,8,-1
35,16,9,-1
35,16,10,-1
35,17,0,-1
35,17,1,-1
35,17,2,-1
35,17,3,4
35,17,4,-1
35,17,5,-1
35,17,6,-1
35,17,7,-1
35,17,8,-1
35,17,9,-1
35,17,10,-1
35,18,0,-1
35,18,1,-1
35,18,2,-1
35,18,3,4
35,18,4,-1
35,18,5,-1
35,18,6,-1
35,18,7,-1
35,18,8,-1
35,18,9,-1
35,18,10,-1
35,19,0,-1
35,19,1,-1
35,19,2,-1
35,19,3,4
35,19,4,-1
35,19,5,-1
35,19,6,-1
35,19,7,-1
35,19,8,-1
35,19,9,-1
35,19,10,-1
35,20,0,-1
35,20,1,-1
35,20,2,-1
35,20,3,4
35,20,4,-1
35,20,5,-1
35,20,6,-1
35,20,7,-1
35,20,8,-1
35,20,9,-1
35,20,10,-1
35,21,0,-1
35,21,1,-1
35,21,2,-1
35,21,3,4
35,21,4,-1
35,21,5,-1
35,21,6,-1
35,21,7,-1
35,21,8,-1
35,21,9,-1
35,21,10,-1
35,22,0,-1
35,22,1,-1
35,22,2,-1
35,22,3,4
35,22,4,-1
35,22,5,-1
35,22,6,-1
35,22,7,-1
35,22,8,-1
35,22,9,-1
35,22,10,-1
35,23,0,-1
35,23,1,-1
35,23,2,-1
35,23,3,4
35,23,4,-1
35,23,5,-1
35,23,6,-1
35,23,7,-1
35,23,8,-1
35,23,9,-1
35,23,10,-1
35,24,0,-1
35,24,1,-1
35,24,2,-1
35,24,3,4
35,24,4,-1
35,24,5,-1
35,24,6,-1
35,24,7,-1
35,24,8,-1
35,24,9,-1
35,24,10,-1
35,25,0,-1
35,25,1,-1
35,25,2,-1
35,25,3,4
35,25,4,-1
35,25,5,-1
35,25,6,-1
35,25,7,-1
35,25,8,-1
35,25,9,-1
35,25,10,-1
35,26,0,-1
35,26,1,-1
35,26,2,-1
35,26,3,4
35,26,4,-1
35,26,5,-1
35,26,6,-1
35,26,7,-1
35,26,8,-1
35,26,9,-1
35,26,10,-1
35,27,0,-1
35,27,1,-1
35,27,2,-1
35,27,3,4
35,27,4,-1
35,27,5,-1
35,27,6,-1
35,27,7,-1
35,27,8,-1
35,27,9,-1
35,27,10,-1
35,28,0,-1
35,28,1,-1
35,28,2,-1
35,28,3,4
35,28,4,-1
35,28,5,-1
35,28,6,-1
35,28,7,-1
35,28,8,-1
35,28,9,-1
35,28,10,-1
35,29,0,-1
35,29,1,-1
35,29,2,-1
35,29,3,4
35,29,4,-1
35,29,5,-1
35,29,6,-1
35,29,7,-1
35,29,8,-1
35,29,9,-1
35,29,10,-1
35,30,0,-1
35,30,1,-1
35,30,2,-1
35,30,3,4
35,30,4,-1
35,30,5,-1
35,30,6,-1
35,30,7,-1
35,30,8,-1
35,30,9,-1
35,30,10,-1
35,31,0,-1
35,31,1,-1
35,31,2,-1
35,31,3,-1
35,31,4,-1
35,31,5,-1
35,31,6,-1
35,31,7,-1
35,31,8,-1
35,31,9,-1
35,31,10,-1
35,32,0,-1
35,32,1,-1
35,32,2,-1
35,32,3,21
35,32,4,-1
35,32,5,-1
35,32,6,-1
35,32,7,-1
35,32,8,-1
35,32,9,-1
35,32,10,-1
35,33,0,-1
35,33,1,-1
35,33,2,-1
35,33,3,21
35,33,4,-1
35,33,5,-1
35,33,6,-1
35,33,7,-1
35,33,8,-1
35,33,9,-1
35,33,10,-1
35,34,0,-1
35,34,1,-1
35,34,2,-1
35,34,3,-1
35,34,4,-1
35,34,5,-1
35,34,6,-1
35,34,7,-1
35,34,8,-1
35,34,9,-1
35,34,10,-1
35,35,0,-1
35,35,1,-1
35,35,2,-1
35,35,3,-1
35,35,4,-1
35,35,5,-1
35,35,6,-1
35,35,7,-1
35,35,8,-1
35,35,9,-1
35,35,10,-1
35,36,0,-1
35,36,1,-1
35,36,2,-1
35,36,3,-1
35,36,4,-1
35,36,5,-1
35,36,6,-1
35,36,7,-1
35,36,8,-1
35,36,9,-1
35,36,10,-1
35,37,0,-1
35,37,1,-1
35,37,2,-1
35,37,3,-1
35,37,4,-1
35,37,5,-1
35,37,6,-1
35,37,7,-1
35,37,8,-1
35,37,9,-1
35,37,10,-1
35,38,0,-1
35,38,1,-1
35,38,2,-1
35,38,3,-1
35,38,4,-1
35,38,5,-1
35,38,6,-1
35,38,7,-1
35,38,8,-1
35,38,9,-1
35,38,10,-1
35,39,0,-1
35,39,1,-1
35,39,2,-1
35,39,3,-1
35,39,4,-1
35,39,5,-1
35,39,6,-1
35,39,7,-1
35,39,8,-1
35,39,9,-1
35,39,10,-1
36,0,0,-1
36,0,1,-1
36,0,2,-1
36,0,3,-1
36,0,4,-1
36,0,5,-1
36,0,6,-1
36,0,7,-1
36,0,8,-1
36,0,9,-1
36,0,10,-1
36,1,0,-1
36,1,1,-1
36,1,2,-1
36,1,3,-1
36,1,4,-1
36,1,5,-1
36,1,6,-1
36,1,7,-1
36,1,8,-1
36,1,9,-1
36,1,10,-1
36,2,0,-1
36,2,1,-1
36,2,2,-1
36,2,3,18
36,2,4,14
36,2,5,-1
36,2,6,-1
36,2,7,-1
36,2,8,-1
36,2,9,-1
36,2,10,-1
36,3,0,-1
36,3,1,-1
36,3,2,-1
36,3,3,19
36,3,4,14
36,3,5,-1
36,3,6,-1
36,3,7,-1
36,3,8,-1
36,3,9,-1
36,3,10,-1
36,4,0,-1
36,4,1,-1
36,4,2,-1
36,4,3,19
36,4,4,14
36,4,5,-1
36,4,6,-1
36,4,7,-1
36,4,8,-1
36,4,9,-1
36,4,10,-1
36,5,0,-1
36,5,1,-1
36,5,2,-1
36,5,3,19
36,5,4,14
36,5,5,-1
36,5,6,-1
36,5,7,-1
36,5,8,-1
36,5,9,-1
36,5,10,-1
36,6,0,-1
36,6,1,-1
36,6,2,-1
36,6,3,19
36,6,4,14
36,6,5,-1
36,6,6,-1
36,6,7,-1
36,6,8,-1
36,6,9,-1
36,6,10,-1
36,7,0,-1
36,7,1,-1
36,7,2,-1
36,7,3,19
36,7,4,3
36,7,5,-1
36,7,6,-1
36,7,7,-1
36,7,8,-1
36,7,9,-1
36,7,10,-1
36,8,0,-1
36,8,1,-1
36,8,2,-1
36,8,3,4
36,8,4,3
36,8,5,-1
36,8,6,-1
36,8,7,-1
36,8,8,-1
36,8,9,-1
36,8,10,-1
36,9,0,-1
36,9,1,-1
36,9,2,-1
36,9,3,4
36,9,4,3
36,9,5,-1
36,9,6,-1
36,9,7,-1
36,9,8,-1
36,9,9,-1
36,9,10,-1
36,10,0,-1
36,10,1,-1
36,10,2,-1
36,10,3,4
36,10,4,3
36,10,5,-1
36,10,6,-1
36,10,7,-1
36,10,8,-1
36,10,9,-1
36,10,10,-1
36,11,0,-1
36,11,1,-1
36,11,2,-1
36,11,3,4
36,11,4,3
36,11,5,-1
36,11,6,-1
36,11,7,-1
36,11,8,-1
36,11,9,-1
36,11,10,-1
36,12,0,-1
36,12,1,-1
36,12,2,-1
36,12,3,4
36,12,4,3
36,12,5,-1
36,12,6,-1
36,12,7,-1
36,12,8,-1
36,12,9,-1
36,12,10,-1
36,13,0,-1
36,13,1,-1
36,13,2,-1
36,13,3,4
36,13,4,3
36,13,5,-1
36,13,6,-1
36,13,7,-1
36,13,8,-1
36,13,9,-1
36,13,10,-1
36,14,0,-1
36,14,1,-1
36,14,2,-1
36,14,3,4
36,14,4,3
36,14,5,-1
36,14,6,-1
36,14,7,-1
36,14,8,-1
36,14,9,-1
36,14,10,-1
36,15,0,-1
36,15,1,-1
36,15,2,-1
36,15,3,4
36,15,4,3
36,15,5,-1
36,15,6,-1
36,15,7,-1
36,15,8,-1
36,15,9,-1
36,15,10,-1
36,16,0,-1
36,16,1,-1
36,16,2,-1
36,16,3,4
36,16,4,3
36,16,5,-1
36,16,6,-1
36,16,7,-1
36,16,8,-1
36,16,9,-1
36,16,10,-1
36,17,0,-1
36,17,1,-1
36,17,2,-1
36,17,3,4
36,17,4,-1
36,17,5,-1
36,17,6,-1
36,17,7,-1
36,17,8,-1
36,17,9,-1
36,17,10,-1
36,18,0,-1
36,18,1,-1
36,18,2,-1
36,18,3,4
36,18,4,-1
36,18,5,-1
36,18,6,-1
36,18,7,-1
36,18,8,-1
36,18,9,-1
36,18,10,-1
36,19,0,-1
36,19,1,-1
36,19,2,-1
36,19,3,4
36,19,4,-1
36,19,5,-1
36,19,6,-1
36,19,7,-1
36,19,8,-1
36,19,9,-1
36,19,10,-1
36,20,0,-1
36,20,1,-1
36,20,2,-1
36,20,3,4
36,20,4,-1
36,20,5,-1
36,20,6,-1
36,20,7,-1
36,20,8,-1
36,20,9,-1
36,20,10,-1
36,21,0,-1
36,21,1,-1
36,21,2,-1
36,21,3,4
36,21,4,-1
36,21,5,-1
36,21,6,-1
36,21,7,-1
36,21,8,-1
36,21,9,-1
36,21,10,-1
36,22,0,-1
36,22,1,-1
36,22,2,-1
36,22,3,4
36,22,4,-1
36,22,5,-1
36,22,6,-1
36,22,7,-1
36,22,8,-1
36,22,9,-1
36,22,10,-1
36,23,0,-1
36,23,1,-1
36,23,2,-1
36,23,3,4
36,23,4,-1
36,23,5,-1
36,23,6,-1
36,23,7,-1
36,23,8,-1
36,23,9,-1
36,23,10,-1
36,24,0,-1
36,24,1,-1
36,24,2,-1
36,24,3,4
36,24,4,-1
36,24,5,-1
36,24,6,-1
36,24,7,-1
36,24,8,-1
36,24,9,-1
36,24,10,-1
36,25,0,-1
36,25,1,-1
36,25,2,-1
36,25,3,4
36,25,4,-1
36,25,5,-1
36,25,6,-1
36,25,7,-1
36,25,8,-1
36,25,9,-1
36,25,10,-1
36,26,0,-1
36,26,1,-1
36,26,2,-1
36,26,3,4
36,26,4,-1
36,26,5,-1
36,26,6,-1
36,26,7,-1
36,26,8,-1
36,26,9,-1
36,26,10,-1
36,27,0,-1
36,27,1,-1
36,27,2,-1
36,27,3,4
36,27,4,-1
36,27,5,-1
36,27,6,-1
36,27,7,-1
36,27,8,-1
36,27,9,-1
36,27,10,-1
36,28,0,-1
36,28,1,-1
36,28,2,-1
36,28,3,4
36,28,4,-1
36,28,5,-1
36,28,6,-1
36,28,7,-1
36,28,8,-1
36,28,9,-1
36,28,10,-1
36,29,0,-1
36,29,1,-1
36,29,2,-1
36,29,3,4
36,29,4,-1
36,29,5,-1
36,29,6,-1
36,29,7,-1
36,29,8,-1
36,29,9,-1
36,29,10,-1
36,30,0,-1
36,30,1,-1
36,30,2,-1
36,30,3,4
36,30,4,-1
36,30,5,-1
36,30,6,-1
36,30,7,-1
36,30,8,-1
36,30,9,-1
36,30,10,-1
36,31,0,-1
36,31,1,-1
36,31,2,-1
36,31,3,-1
36,31,4,-1
36,31,5,-1
36,31,6,-1
36,31,7,-1
36,31,8,-1
36,31,9,-1
36,31,10,-1
36,32,0,-1
36,32,1,-1
36,32,2,-1
36,32,3,21
36,32,4,-1
36,32,5,-1
36,32,6,-1
36,32,7,-1
36,32,8,-1
36,32,9,-1
36,32,10,-1
36,33,0,-1
36,33,1,-1
36,33,2,-1
36,33,3,21
36,33,4,-1
36,33,5,-1
36,33,6,-1
36,33,7,-1
36,33,8,-1
36,33,9,-1
36,33,10,-1
36,34,0,-1
36,34,1,-1
36,34,2,-1
36,34,3,-1
36,34,4,-1
36,34,5,-1
36,34,6,-1
36,34,7,-1
36,34,8,-1
36,34,9,-1
36,34,10,-1
36,35,0,-1
36,35,1,-1
36,35,2,-1
36,35,3,-1
36,35,4,-1
36,35,5,-1
36,35,6,-1
36,35,7,-1
36,35,8,-1
36,35,9,-1
36,35,10,-1
36,36,0,-1
36,36,1,-1
36,36,2,-1
36,36,3,-1
36,36,4,-1
36,36,5,-1
36,36,6,-1
36,36,7,-1
36,36,8,-1
36,36,9,-1
36,36,10,-1
36,37,0,-1
36,37,1,-1
36,37,2,-1
36,37,3,-1
36,37,4,-1
36,37,5,-1
36,37,6,-1
36,37,7,-1
36,37,8,-1
36,37,9,-1
36,37,10,-1
36,38,0,-1
36,38,1,-1
36,38,2,-1
36,38,3,-1
36,38,4,-1
36,38,5,-1
36,38,6,-1
36,38,7,-1
36,38,8,-1
36,38,9,-1
36,38,10,-1
36,39,0,-1
36,39,1,-1
36,39,2,-1
36,39,3,-1
36,39,4,-1
36,39,5,-1
36,39,6,-1
36,39,7,-1
36,39,8,-1
36,39,9,-1
36,39,10,-1
37,0,0,-1
37,0,1,-1
37,0,2,-1
37,0,3,-1
37,0,4,-1
37,0,5,-1
37,0,6,-1
37,0,7,-1
37,0,8,-1
37,0,9,-1
37,0,10,-1
37,1,0,-1
37,1,1,-1
37,1,2,-1
37,1,3,-1
37,1,4,-1
37,1,5,-1
37,1,6,-1
37,1,7,-1
37,1,8,-1
37,1,9,-1
37,1,10,-1
37,2,0,-1
37,2,1,-1
37,2,2,-1
37,2,3,9
37,2,4,14
37,2,5,-1
37,2,6,-1
37,2,7,-1
37,2,8,-1
37,2,9,-1
37,2,10,-1
37,3,0,-1
37,3,1,-1
37,3,2,-1
37,3,3,19
37,3,4,14
37,3,5,-1
37,3,6,-1
37,3,7,-1
37,3,8,-1
37,3,9,-1
37,3,10,-1
37,4,0,-1
37,4,1,-1
37,4,2,-1
37,4,3,19
37,4,4,14
37,4,5,-1
37,4,6,-1
37,4,7,-1
37,4,8,-1
37,4,9,-1
37,4,10,-1
37,5,0,-1
37,5,1,-1
37,5,2,-1
37,5,3,19
37,5,4,14
37,5,5,-1
37,5,6,-1
37,5,7,-1
37,5,8,-1
37,5,9,-1
37,5,10,-1
37,6,0,-1
37,6,1,-1
37,6,2,-1
37,6,3,19
37,6,4,14
37,6,5,-1
37,6,6,-1
37,6,7,-1
37,6,8,-1
37,6,9,-1
37,6,10,-1
37,7,0,-1
37,7,1,-1
37,7,2,-1
37,7,3,19
37,7,4,3
37,7,5,-1
37,7,6,-1
37,7,7,-1
37,7,8,-1
37,7,9,-1
37,7,10,-1
37,8,0,-1
37,8,1,-1
37,8,2,-1
37,8,3,4
37,8,4,3
37,8,5,-1
37,8,6,-1
37,8,7,-1
37,8,8,-1
37,8,9,-1
37,8,10,-1
37,9,0,-1
37,9,1,-1
37,9,2,-1
37,9,3,4
37,9,4,3
37,9,5,-1
37,9,6,-1
37,9,7,-1
37,9,8,-1
37,9,9,-1
37,9,10,-1
37,10,0,-1
37,10,1,-1
37,10,2,-1
37,10,3,4
37,10,4,3
37,10,5,-1
37,10,6,-1
37,10,7,-1
37,10,8,-1
37,10,9,-1
37,10,10,-1
37,11,0,-1
37,11,1,-1
37,11,2,-1
37,11,3,4
37,11,4,3
37,11,5,-1
37,11,6,-1
37,11,7,-1
37,11,8,-1
37,11,9,-1
37,11,10,-1
37,12,0,-1
37,12,1,-1
37,12,2,-1
37,12,3,4
37,12,4,3
37,12,5,-1
37,12,6,-1
37,12,7,-1
37,12,8,-1
37,12,9,-1
37,12,10,-1
37,13,0,-1
37,13,1,-1
37,13,2,-1
37,13,3,4
37,13,4,3
37,13,5,-1
37,13,6,-1
37,13,7,-1
37,13,8,-1
37,13,9,-1
37,13,10,-1
37,14,0,-1
37,14,1,-1
37,14,2,-1
37,14,3,4
37,14,4,3
37,14,5,-1
37,14,6,-1
37,14,7,-1
37,14,8,-1
37,14,9,-1
37,14,10,-1
37,15,0,-1
37,15,1,-1
37,15,2,-1
37,15,3,4
37,15,4,3
37,15,5,-1
37,15,6,-1
37,15,7,-1
37,15,8,-1
37,15,9,-1
37,15,10,-1
37,16,0,-1
37,16,1,-1
37,16,2,-1
37,16,3,4
37,16,4,3
37,16,5,-1
37,16,6,-1
37,16,7,-1
37,16,8,-1
37,16,9,-1
37,16,10,-1
37,17,0,-1
37,17,1,-1
37,17,2,-1
37,17,3,4
37,17,4,3
37,17,5,-1
37,17,6,-1
37,17,7,-1
37,17,8,-1
37,17,9,-1
37,17,10,-1
37,18,0,-1
37,18,1,-1
37,18,2,-1
37,18,3,4
37,18,4,3
37,18,5,-1
37,18,6,-1
37,18,7,-1
37,18,8,-1
37,18,9,-1
37,18,10,-1
37,19,0,-1
37,19,1,-1
37,19,2,-1
37,19,3,4
37,19,4,-1
37,19,5,-1
37,19,6,-1
37,19,7,-1
37,19,8,-1
37,19,9,-1
37,19,10,-1
37,20,0,-1
37,20,1,-1
37,20,2,-1
37,20,3,4
37,20,4,-1
37,20,5,-1
37,20,6,-1
37,20,7,-1
37,20,8,-1
37,20,9,-1
37,20,10,-1
37,21,0,-1
37,21,1,-1
37,21,2,-1
37,21,3,4
37,21,4,-1
37,21,5,-1
37,21,6,-1
37,21,7,-1
37,21,8,-1
37,21,9,-1
37,21,10,-1
37,22,0,-1
37,22,1,-1
37,22,2,-1
37,22,3,4
37,22,4,-1
37,22,5,-1
37,22,6,-1
37,22,7,-1
37,22,8,-1
37,22,9,-1
37,22,10,-1
37,23,0,-1
37,23,1,-1
37,23,2,-1
37,23,3,4
37,23,4,-1
37,23,5,-1
37,23,6,-1
37,23,7,-1
37,23,8,-1
37,23,9,-1
37,23,10,-1
37,24,0,-1
37,24,1,-1
37,24,2,-1
37,24,3,4
37,24,4,-1
37,24,5,-1
37,24,6,-1
37,24,7,-1
37,24,8,-1
37,24,9,-1
37,24,10,-1
37,25,0,-1
37,25,1,-1
37,25,2,-1
37,25,3,4
37,25,4,-1
37,25,5,-1
37,25,6,-1
37,25,7,-1
37,25,8,-1
37,25,9,-1
37,25,10,-1
37,26,0,-1
37,26,1,-1
37,26,2,-1
37,26,3,4
37,26,4,-1
37,26,5,-1
37,26,6,-1
37,26,7,-1
37,26,8,-1
37,26,9,-1
37,26,10,-1
37,27,0,-1
37,27,1,-1
37,27,2,-1
37,27,3,4
37,27,4,-1
37,27,5,-1
37,27,6,-1
37,27,7,-1
37,27,8,-1
37,27,9,-1
37,27,10,-1
37,28,0,-1
37,28,1,-1
37,28,2,-1
37,28,3,4
37,28,4,-1
37,28,5,-1
37,28,6,-1
37,28,7,-1
37,28,8,-1
37,28,9,-1
37,28,10,-1
37,29,0,-1
37,29,1,-1
37,29,2,-1
37,29,3,4
37,29,4,-1
37,29,5,-1
37,29,6,-1
37,29,7,-1
37,29,8,-1
37,29,9,-1
37,29,10,-1
37,30,0,-1
37,30,1,-1
37,30,2,-1
37,30,3,4
37,30,4,-1
37,30,5,-1
37,30,6,-1
37,30,7,-1
37,30,8,-1
37,30,9,-1
37,30,10,-1
37,31,0,-1
37,31,1,-1
37,31,2,-1
37,31,3,-1
37,31,4,-1
37,31,5,-1
37,31,6,-1
37,31,7,-1
37,31,8,-1
37,31,9,-1
37,31,10,-1
37,32,0,-1
37,32,1,-1
37,32,2,-1
37,32,3,-1
37,32,4,-1
37,32,5,-1
37,32,6,-1
37,32,7,-1
37,32,8,-1
37,32,9,-1
37,32,10,-1
37,33,0,-1
37,33,1,-1
37,33,2,-1
37,33,3,-1
37,33,4,-1
37,33,5,-1
37,33,6,-1
37,33,7,-1
37,33,8,-1
37,33,9,-1
37,33,10,-1
37,34,0,-1
37,34,1,-1
37,34,2,-1
37,34,3,-1
37,34,4,-1
37,34,5,-1
37,34,6,-1
37,34,7,-1
37,34,8,-1
37,34,9,-1
37,34,10,-1
37,35,0,-1
37,35,1,-1
37,35,2,-1
37,35,3,-1
37,35,4,-1
37,35,5,-1
37,35,6,-1
37,35,7,-1
37,35,8,-1
37,35,9,-1
37,35,10,-1
37,36,0,-1
37,36,1,-1
37,36,2,-1
37,36,3,-1
37,36,4,-1
37,36,5,-1
37,36,6,-1
37,36,7,-1
37,36,8,-1
37,36,9,-1
37,36,10,-1
37,37,0,-1
37,37,1,-1
37,37,2,-1
37,37,3,-1
37,37,4,-1
37,37,5,-1
37,37,6,-1
37,37,7,-1
37,37,8,-1
37,37,9,-1
37,37,10,-1
37,38,0,-1
37,38,1,-1
37,38,2,-1
37,38,3,-1
37,38,4,-1
37,38,5,-1
37,38,6,-1
37,38,7,-1
37,38,8,-1
37,38,9,-1
37,38,10,-1
37,39,0,-1
37,39,1,-1
37,39,2,-1
37,39,3,-1
37,39,4,-1
37,39,5,-1
37,39,6,-1
37,39,7,-1
37,39,8,-1
37,39,9,-1
37,39,10,-1
38,0,0,-1
38,0,1,-1
38,0,2,-1
38,0,3,-1
38,0,4,-1
38,0,5,-1
38,0,6,-1
38,0,7,-1
38,0,8,-1
38,0,9,-1
38,0,10,-1
38,1,0,-1
38,1,1,-1
38,1,2,-1
38,1,3,-1
38,1,4,-1
38,1,5,-1
38,1,6,-1
38,1,7,-1
38,1,8,-1
38,1,9,-1
38,1,10,-1
38,2,0,-1
38,2,1,-1
38,2,2,-1
38,2,3,4
38,2,4,14
38,2,5,-1
38,2,6,-1
38,2,7,-1
38,2,8,-1
38,2,9,-1
38,2,10,-1
38,3,0,-1
38,3,1,-1
38,3,2,-1
38,3,3,19
38,3,4,14
38,3,5,-1
38,3,6,-1
38,3,7,-1
38,3,8,-1
38,3,9,-1
38,3,10,-1
38,4,0,-1
38,4,1,-1
38,4,2,-1
38,4,3,-1
38,4,4,14
38,4,5,-1
38,4,6,-1
38,4,7,-1
38,4,8,-1
38,4,9,-1
38,4,10,-1
38,5,0,-1
38,5,1,-1
38,5,2,-1
38,5,3,-1
38,5,4,14
38,5,5,-1
38,5,6,-1
38,5,7,-1
38,5,8,-1
38,5,9,-1
38,5,10,-1
38,6,0,-1
38,6,1,-1
38,6,2,-1
38,6,3,19
38,6,4,14
38,6,5,-1
38,6,6,-1
38,6,7,-1
38,6,8,-1
38,6,9,-1
38,6,10,-1
38,7,0,-1
38,7,1,-1
38,7,2,-1
38,7,3,19
38,7,4,3
38,7,5,-1
38,7,6,-1
38,7,7,-1
38,7,8,-1
38,7,9,-1
38,7,10,-1
38,8,0,-1
38,8,1,-1
38,8,2,-1
38,8,3,4
38,8,4,3
38,8,5,-1
38,8,6,-1
38,8,7,-1
38,8,8,-1
38,8,9,-1
38,8,10,-1
38,9,0,-1
38,9,1,-1
38,9,2,-1
38,9,3,4
38,9,4,3
38,9,5,-1
38,9,6,-1
38,9,7,-1
38,9,8,-1
38,9,9,-1
38,9,10,-1
38,10,0,-1
38,10,1,-1
38,10,2,-1
38,10,3,4
38,10,4,3
38,10,5,-1
38,10,6,-1
38,10,7,-1
38,10,8,-1
38,10,9,-1
38,10,10,-1
38,11,0,-1
38,11,1,-1
38,11,2,-1
38,11,3,4
38,11,4,3
38,11,5,-1
38,11,6,-1
38,11,7,-1
38,11,8,-1
38,11,9,-1
38,11,10,-1
38,12,0,-1
38,12,1,-1
38,12,2,-1
38,12,3,4
38,12,4,3
38,12,5,-1
38,12,6,-1
38,12,7,-1
38,12,8,-1
38,12,9,-1
38,12,10,-1
38,13,0,-1
38,13,1,-1
38,13,2,-1
38,13,3,4
38,13,4,3
38,13,5,-1
38,13,6,-1
38,13,7,-1
38,13,8,-1
38,13,9,-1
38,13,10,-1
38,14,0,-1
38,14,1,-1
38,14,2,-1
38,14,3,4
38,14,4,3
38,14,5,-1
38,14,6,-1
38,14,7,-1
38,14,8,-1
38,14,9,-1
38,14,10,-1
38,15,0,-1
38,15,1,-1
38,15,2,-1
38,15,3,4
38,15,4,3
38,15,5,-1
38,15,6,-1
38,15,7,-1
38,15,8,-1
38,15,9,-1
38,15,10,-1
38,16,0,-1
38,16,1,-1
38,16,2,-1
38,16,3,4
38,16,4,3
38,16,5,-1
38,16,6,-1
38,16,7,-1
38,16,8,-1
38,16,9,-1
38,16,10,-1
38,17,0,-1
38,17,1,-1
38,17,2,-1
38,17,3,4
38,17,4,3
38,17,5,-1
38,17,6,-1
38,17,7,-1
38,17,8,-1
38,17,9,-1
38,17,10,-1
38,18,0,-1
38,18,1,-1
38,18,2,-1
38,18,3,4
38,18,4,3
38,18,5,-1
38,18,6,-1
38,18,7,-1
38,18,8,-1
38,18,9,-1
38,18,10,-1
38,19,0,-1
38,19,1,-1
38,19,2,-1
38,19,3,4
38,19,4,3
38,19,5,-1
38,19,6,-1
38,19,7,-1
38,19,8,-1
38,19,9,-1
38,19,10,-1
38,20,0,-1
38,20,1,-1
38,20,2,-1
38,20,3,4
38,20,4,3
38,20,5,-1
38,20,6,-1
38,20,7,-1
38,20,8,-1
38,20,9,-1
38,20,10,-1
38,21,0,-1
38,21,1,-1
38,21,2,-1
38,21,3,4
38,21,4,-1
38,21,5,-1
38,21,6,-1
38,21,7,-1
38,21,8,-1
38,21,9,-1
38,21,10,-1
38,22,0,-1
38,22,1,-1
38,22,2,-1
38,22,3,4
38,22,4,-1
38,22,5,-1
38,22,6,-1
38,22,7,-1
38,22,8,-1
38,22,9,-1
38,22,10,-1
38,23,0,-1
38,23,1,-1
38,23,2,-1
38,23,3,4
38,23,4,-1
38,23,5,-1
38,23,6,-1
38,23,7,-1
38,23,8,-1
38,23,9,-1
38,23,10,-1
38,24,0,-1
38,24,1,-1
38,24,2,-1
38,24,3,4
38,24,4,-1
38,24,5,-1
38,24,6,-1
38,24,7,-1
38,24,8,-1
38,24,9,-1
38,24,10,-1
38,25,0,-1
38,25,1,-1
38,25,2,-1
38,25,3,4
38,25,4,-1
38,25,5,-1
38,25,6,-1
38,25,7,-1
38,25,8,-1
38,25,9,-1
38,25,10,-1
38,26,0,-1
38,26,1,-1
38,26,2,-1
38,26,3,4
38,26,4,-1
38,26,5,-1
38,26,6,-1
38,26,7,-1
38,26,8,-1
38,26,9,-1
38,26,10,-1
38,27,0,-1
38,27,1,-1
38,27,2,-1
38,27,3,4
38,27,4,-1
38,27,5,-1
38,27,6,-1
38,27,7,-1
38,27,8,-1
38,27,9,-1
38,27,10,-1
38,28,0,-1
38,28,1,-1
38,28,2,-1
38,28,3,4
38,28,4,-1
38,28,5,-1
38,28,6,-1
38,28,7,-1
38,28,8,-1
38,28,9,-1
38,28,10,-1
38,29,0,-1
38,29,1,-1
38,29,2,-1
38,29,3,4
38,29,4,-1
38,29,5,-1
38,29,6,-1
38,29,7,-1
38,29,8,-1
38,29,9,-1
38,29,10,-1
38,30,0,-1
38,30,1,-1
38,30,2,-1
38,30,3,4
38,30,4,-1
38,30,5,-1
38,30,6,-1
38,30,7,-1
38,30,8,-1
38,30,9,-1
38,30,10,-1
38,31,0,-1
38,31,1,-1
38,31,2,-1
38,31,3,4
38,31,4,-1
38,31,5,-1
38,31,6,-1
38,31,7,-1
38,31,8,-1
38,31,9,-1
38,31,10,-1
38,32,0,-1
38,32,1,-1
38,32,2,-1
38,32,3,-1
38,32,4,-1
38,32,5,-1
38,32,6,-1
38,32,7,-1
38,32,8,-1
38,32,9,-1
38,32,10,-1
38,33,0,-1
38,33,1,-1
38,33,2,-1
38,33,3,-1
38,33,4,-1
38,33,5,-1
38,33,6,-1
38,33,7,-1
38,33,8,-1
38,33,9,-1
38,33,10,-1
38,34,0,-1
38,34,1,-1
38,34,2,-1
38,34,3,-1
38,34,4,-1
38,34,5,-1
38,34,6,-1
38,34,7,-1
38,34,8,-1
38,34,9,-1
38,34,10,-1
38,35,0,-1
38,35,1,-1
38,35,2,-1
38,35,3,-1
38,35,4,-1
38,35,5,-1
38,35,6,-1
38,35,7,-1
38,35,8,-1
38,35,9,-1
38,35,10,-1
38,36,0,-1
38,36,1,-1
38,36,2,-1
38,36,3,-1
38,36,4,-1
38,36,5,-1
38,36,6,-1
38,36,7,-1
38,36,8,-1
38,36,9,-1
38,36,10,-1
38,37,0,-1
38,37,1,-1
38,37,2,-1
38,37,3,-1
38,37,4,-1
38,37,5,-1
38,37,6,-1
38,37,7,-1
38,37,8,-1
38,37,9,-1
38,37,10,-1
38,38,0,-1
38,38,1,-1
38,38,2,-1
38,38,3,-1
38,38,4,-1
38,38,5,-1
38,38,6,-1
38,38,7,-1
38,38,8,-1
38,38,9,-1
38,38,10,-1
38,39,0,-1
38,39,1,-1
38,39,2,-1
38,39,3,-1
38,39,4,-1
38,39,5,-1
38,39,6,-1
38,39,7,-1
38,39,8,-1
38,39,9,-1
38,39,10,-1
39,0,0,-1
39,0,1,-1
39,0,2,-1
39,0,3,-1
39,0,4,-1
39,0,5,-1
39,0,6,-1
39,0,7,-1
39,0,8,-1
39,0,9,-1
39,0,10,-1
39,1,0,-1
39,1,1,-1
39,1,2,-1
39,1,3,-1
39,1,4,-1
39,1,5,-1
39,1,6,-1
39,1,7,-1
39,1,8,-1
39,1,9,-1
39,1,10,-1
39,2,0,-1
39,2,1,-1
39,2,2,-1
39,2,3,4
39,2,4,14
39,2,5,-1
39,2,6,-1
39,2,7,-1
39,2,8,-1
39,2,9,-1
39,2,10,-1
39,3,0,-1
39,3,1,-1
39,3,2,-1
39,3,3,4
39,3,4,14
39,3,5,-1
39,3,6,-1
39,3,7,-1
39,3,8,-1
39,3,9,-1
39,3,10,-1
39,4,0,-1
39,4,1,-1
39,4,2,-1
39,4,3,-1
39,4,4,14
39,4,5,-1
39,4,6,-1
39,4,7,-1
39,4,8,-1
39,4,9,-1
39,4,10,-1
39,5,0,-1
39,5,1,-1
39,5,2,-1
39,5,3,-1
39,5,4,14
39,5,5,-1
39,5,6,-1
39,5,7,-1
39,5,8,-1
39,5,9,-1
39,5,10,-1
39,6,0,-1
39,6,1,-1
39,6,2,-1
39,6,3,19
39,6,4,14
39,6,5,-1
39,6,6,-1
39,6,7,-1
39,6,8,-1
39,6,9,-1
39,6,10,-1
39,7,0,-1
39,7,1,-1
39,7,2,-1
39,7,3,19
39,7,4,3
39,7,5,-1
39,7,6,-1
39,7,7,-1
39,7,8,-1
39,7,9,-1
39,7,10,-1
39,8,0,-1
39,8,1,-1
39,8,2,-1
39,8,3,4
39,8,4,3
39,8,5,-1
39,8,6,-1
39,8,7,-1
39,8,8,-1
39,8,9,-1
39,8,10,-1
39,9,0,-1
39,9,1,-1
39,9,2,-1
39,9,3,4
39,9,4,3
39,9,5,-1
39,9,6,-1
39,9,7,-1
39,9,8,-1
39,9,9,-1
39,9,10,-1
39,10,0,-1
39,10,1,-1
39,10,2,-1
39,10,3,4
39,10,4,3
39,10,5,-1
39,10,6,-1
39,10,7,-1
39,10,8,-1
39,10,9,-1
39,10,10,-1
39,11,0,-1
39,11,1,-1
39,11,2,-1
39,11,3,4
39,11,4,3
39,11,5,-1
39,11,6,-1
39,11,7,-1
39,11,8,-1
39,11,9,-1
39,11,10,-1
39,12,0,-1
39,12,1,-1
39,12,2,-1
39,12,3,4
39,12,4,3
39,12,5,-1
39,12,6,-1
39,12,7,-1
39,12,8,-1
39,12,9,-1
39,12,10,-1
39,13,0,-1
39,13,1,-1
39,13,2,-1
39,13,3,4
39,13,4,3
39,13,5,-1
39,13,6,-1
39,13,7,-1
39,13,8,-1
39,13,9,-1
39,13,10,-1
39,14,0,-1
39,14,1,-1
39,14,2,-1
39,14,3,4
39,14,4,3
39,14,5,-1
39,14,6,-1
39,14,7,-1
39,14,8,-1
39,14,9,-1
39,14,10,-1
39,15,0,-1
39,15,1,-1
39,15,2,-1
39,15,3,4
39,15,4,3
39,15,5,-1
39,15,6,-1
39,15,7,-1
39,15,8,-1
39,15,9,-1
39,15,10,-1
39,16,0,-1
39,16,1,-1
39,16,2,-1
39,16,3,4
39,16,4,3
39,16,5,-1
39,16,6,-1
39,16,7,-1
39,16,8,-1
39,16,9,-1
39,16,10,-1
39,17,0,-1
39,17,1,-1
39,17,2,-1
39,17,3,4
39,17,4,3
39,17,5,-1
39,17,6,-1
39,17,7,-1
39,17,8,-1
39,17,9,-1
39,17,10,-1
39,18,0,-1
39,18,1,-1
39,18,2,-1
39,18,3,4
39,18,4,3
39,18,5,-1
39,18,6,-1
39,18,7,-1
39,18,8,-1
39,18,9,-1
39,18,10,-1
39,19,0,-1
39,19,1,-1
39,19,2,-1
39,19,3,4
39,19,4,3
39,19,5,-1
39,19,6,-1
39,19,7,-1
39,19,8,-1
39,19,9,-1
39,19,10,-1
39,20,0,-1
39,20,1,-1
39,20,2,-1
39,20,3,4
39,20,4,3
39,20,5,-1
39,20,6,-1
39,20,7,-1
39,20,8,-1
39,20,9,-1
39,20,10,-1
39,21,0,-1
39,21,1,-1
39,21,2,-1
39,21,3,4
39,21,4,3
39,21,5,-1
39,21,6,-1
39,21,7,-1
39,21,8,-1
39,21,9,-1
39,21,10,-1
39,22,0,-1
39,22,1,-1
39,22,2,-1
39,22,3,4
39,22,4,3
39,22,5,-1
39,22,6,-1
39,22,7,-1
39,22,8,-1
39,22,9,-1
39,22,10,-1
39,23,0,-1
39,23,1,-1
39,23,2,-1
39,23,3,4
39,23,4,3
39,23,5,-1
39,23,6,-1
39,23,7,-1
39,23,8,-1
39,23,9,-1
39,23,10,-1
39,24,0,-1
39,24,1,-1
39,24,2,-1
39,24,3,4
39,24,4,-1
39,24,5,-1
39,24,6,-1
39,24,7,-1
39,24,8,-1
39,24,9,-1
39,24,10,-1
39,25,0,-1
39,25,1,-1
39,25,2,-1
39,25,3,4
39,25,4,-1
39,25,5,-1
39,25,6,-1
39,25,7,-1
39,25,8,-1
39,25,9,-1
39,25,10,-1
39,26,0,-1
39,26,1,-1
39,26,2,-1
39,26,3,4
39,26,4,-1
39,26,5,-1
39,26,6,-1
39,26,7,-1
39,26,8,-1
39,26,9,-1
39,26,10,-1
39,27,0,-1
39,27,1,-1
39,27,2,-1
39,27,3,4
39,27,4,-1
39,27,5,-1
39,27,6,-1
39,27,7,-1
39,27,8,-1
39,27,9,-1
39,27,10,-1
39,28,0,-1
39,28,1,-1
39,28,2,-1
39,28,3,4
39,28,4,-1
39,28,5,-1
39,28,6,-1
39,28,7,-1
39,28,8,-1
39,28,9,-1
39,28,10,-1
39,29,0,-1
39,29,1,-1
39,29,2,-1
39,29,3,4
39,29,4,-1
39,29,5,-1
39,29,6,-1
39,29,7,-1
39,29,8,-1
39,29,9,-1
39,29,10,-1
39,30,0,-1
39,30,1,-1
39,30,2,-1
39,30,3,4
39,30,4,-1
39,30,5,-1
39,30,6,-1
39,30,7,-1
39,30,8,-1
39,30,9,-1
39,30,10,-1
39,31,0,-1
39,31,1,-1
39,31,2,-1
39,31,3,4
39,31,4,-1
39,31,5,-1
39,31,6,-1
39,31,7,-1
39,31,8,-1
39,31,9,-1
39,31,10,-1
39,32,0,-1
39,32,1,-1
39,32,2,-1
39,32,3,-1
39,32,4,-1
39,32,5,-1
39,32,6,-1
39,32,7,-1
39,32,8,-1
39,32,9,-1
39,32,10,-1
39,33,0,-1
39,33,1,-1
39,33,2,-1
39,33,3,-1
39,33,4,-1
39,33,5,-1
39,33,6,-1
39,33,7,-1
39,33,8,-1
39,33,9,-1
39,33,10,-1
39,34,0,-1
39,34,1,-1
39,34,2,-1
39,34,3,-1
39,34,4,-1
39,34,5,-1
39,34,6,-1
39,34,7,-1
39,34,8,-1
39,34,9,-1
39,34,10,-1
39,35,0,-1
39,35,1,-1
39,35,2,-1
39,35,3,-1
39,35,4,-1
39,35,5,-1
39,35,6,-1
39,35,7,-1
39,35,8,-1
39,35,9,-1
39,35,10,-1
39,36,0,-1
39,36,1,-1
39,36,2,-1
39,36,3,-1
39,36,4,-1
39,36,5,-1
39,36,6,-1
39,36,7,-1
39,36,8,-1
39,36,9,-1
39,36,10,-1
39,37,0,-1
39,37,1,-1
39,37,2,-1
39,37,3,-1
39,37,4,-1
39,37,5,-1
39,37,6,-1
39,37,7,-1
39,37,8,-1
39,37,9,-1
39,37,10,-1
39,38,0,-1
39,38,1,-1
39,38,2,-1
39,38,3,-1
39,38,4,-1
39,38,5,-1
39,38,6,-1
39,38,7,-1
39,38,8,-1
39,38,9,-1
39,38,10,-1
39,39,0,-1
39,39,1,-1
39,39,2,-1
39,39,3,-1
39,39,4,-1
39,39,5,-1
39,39,6,-1
39,39,7,-1
39,39,8,-1
39,39,9,-1
39,39,10,-1
40,0,0,-1
40,0,1,-1
40,0,2,-1
40,0,3,-1
40,0,4,-1
40,0,5,-1
40,0,6,-1
40,0,7,-1
40,0,8,-1
40,0,9,-1
40,0,10,-1
40,1,0,-1
40,1,1,-1
40,1,2,-1
40,1,3,-1
40,1,4,-1
40,1,5,-1
40,1,6,-1
40,1,7,-1
40,1,8,-1
40,1,9,-1
40,1,10,-1
40,2,0,-1
40,2,1,-1
40,2,2,-1
40,2,3,4
40,2,4,14
40,2,5,-1
40,2,6,-1
40,2,7,-1
40,2,8,-1
40,2,9,-1
40,2,10,-1
40,3,0,-1
40,3,1,-1
40,3,2,-1
40,3,3,4
40,3,4,14
40,3,5,-1
40,3,6,-1
40,3,7,-1
40,3,8,-1
40,3,9,-1
40,3,10,-1
40,4,0,-1
40,4,1,-1
40,4,2,-1
40,4,3,4
40,4,4,14
40,4,5,-1
40,4,6,-1
40,4,7,-1
40,4,8,-1
40,4,9,-1
40,4,10,-1
40,5,0,-1
40,5,1,-1
40,5,2,-1
40,5,3,4
40,5,4,14
40,5,5,-1
40,5,6,-1
40,5,7,-1
40,5,8,-1
40,5,9,-1
40,5,10,-1
40,6,0,-1
40,6,1,-1
40,6,2,-1
40,6,3,19
40,6,4,14
40,6,5,-1
40,6,6,-1
40,6,7,-1
40,6,8,-1
40,6,9,-1
40,6,10,-1
40,7,0,-1
40,7,1,-1
40,7,2,-1
40,7,3,19
40,7,4,3
40,7,5,-1
40,7,6,-1
40,7,7,-1
40,7,8,-1
40,7,9,-1
40,7,10,-1
40,8,0,-1
40,8,1,-1
40,8,2,-1
40,8,3,4
40,8,4,3
40,8,5,-1
40,8,6,-1
40,8,7,-1
40,8,8,-1
40,8,9,-1
40,8,10,-1
40,9,0,-1
40,9,1,-1
40,9,2,-1
40,9,3,4
40,9,4,3
40,9,5,-1
40,9,6,-1
40,9,7,-1
40,9,8,-1
40,9,9,-1
40,9,10,-1
40,10,0,-1
40,10,1,-1
40,10,2,-1
40,10,3,4
40,10,4,3
40,10,5,-1
40,10,6,-1
40,10,7,-1
40,10,8,-1
40,10,9,-1
40,10,10,-1
40,11,0,-1
40,11,1,-1
40,11,2,-1
40,11,3,4
40,11,4,3
40,11,5,-1
40,11,6,-1
40,11,7,-1
40,11,8,-1
40,11,9,-1
40,11,10,-1
40,12,0,-1
40,12,1,-1
40,12,2,-1
40,12,3,4
40,12,4,3
40,12,5,-1
40,12,6,-1
40,12,7,-1
40,12,8,-1
40,12,9,-1
40,12,10,-1
40,13,0,-1
40,13,1,-1
40,13,2,-1
40,13,3,4
40,13,4,3
40,13,5,-1
40,13,6,-1
40,13,7,-1
40,13,8,-1
40,13,9,-1
40,13,10,-1
40,14,0,-1
40,14,1,-1
40,14,2,-1
40,14,3,4
40,14,4,3
40,14,5,-1
40,14,6,-1
40,14,7,-1
40,14,8,-1
40,14,9,-1
40,14,10,-1
40,15,0,-1
40,15,1,-1
40,15,2,-1
40,15,3,4
40,15,4,3
40,15,5,-1
40,15,6,-1
40,15,7,-1
40,15,8,-1
40,15,9,-1
40,15,10,-1
40,16,0,-1
40,16,1,-1
40,16,2,-1
40,16,3,4
40,16,4,3
40,16,5,-1
40,16,6,-1
40,16,7,-1
40,16,8,-1
40,16,9,-1
40,16,10,-1
40,17,0,-1
40,17,1,-1
40,17,2,-1
40,17,3,4
40,17,4,3
40,17,5,-1
40,17,6,-1
40,17,7,-1
40,17,8,-1
40,17,9,-1
40,17,10,-1
40,18,0,-1
40,18,1,-1
40,18,2,-1
40,18,3,4
40,18,4,3
40,18,5,-1
40,18,6,-1
40,18,7,-1
40,18,8,-1
40,18,9,-1
40,18,10,-1
40,19,0,-1
40,19,1,-1
40,19,2,-1
40,19,3,4
40,19,4,3
40,19,5,-1
40,19,6,-1
40,19,7,-1
40,19,8,-1
40,19,9,-1
40,19,10,-1
40,20,0,-1
40,20,1,-1
40,20,2,-1
40,20,3,4
40,20,4,3
40,20,5,-1
40,20,6,-1
40,20,7,-1
40,20,8,-1
40,20,9,-1
40,20,10,-1
40,21,0,-1
40,21,1,-1
40,21,2,-1
40,21,3,4
40,21,4,3
40,21,5,-1
40,21,6,-1
40,21,7,-1
40,21,8,-1
40,21,9,-1
40,21,10,-1
40,22,0,-1
40,22,1,-1
40,22,2,-1
40,22,3,4
40,22,4,3
40,22,5,-1
40,22,6,-1
40,22,7,-1
40,22,8,-1
40,22,9,-1
40,22,10,-1
40,23,0,-1
40,23,1,-1
40,23,2,-1
40,23,3,4
40,23,4,3
40,23,5,-1
40,23,6,-1
40,23,7,-1
40,23,8,-1
40,23,9,-1
40,23,10,-1
40,24,0,-1
40,24,1,-1
40,24,2,-1
40,24,3,4
40,24,4,-1
40,24,5,-1
40,24,6,-1
40,24,7,-1
40,24,8,-1
40,24,9,-1
40,24,10,-1
40,25,0,-1
40,25,1,-1
40,25,2,-1
40,25,3,4
40,25,4,-1
40,25,5,-1
40,25,6,-1
40,25,7,-1
40,25,8,-1
40,25,9,-1
40,25,10,-1
40,26,0,-1
40,26,1,-1
40,26,2,-1
40,26,3,4
40,26,4,-1
40,26,5,-1
40,26,6,-1
40,26,7,-1
40,26,8,-1
40,26,9,-1
40,26,10,-1
40,27,0,-1
40,27,1,-1
40,27,2,-1
40,27,3,4
40,27,4,-1
40,27,5,-1
40,27,6,-1
40,27,7,-1
40,27,8,-1
40,27,9,-1
40,27,10,-1
40,28,0,-1
40,28,1,-1
40,28,2,-1
40,28,3,4
40,28,4,-1
40,28,5,-1
40,28,6,-1
40,28,7,-1
40,28,8,-1
40,28,9,-1
40,28,10,-1
40,29,0,-1
40,29,1,-1
40,29,2,-1
40,29,3,4
40,29,4,-1
40,29,5,-1
40,29,6,-1
40,29,7,-1
40,29,8,-1
40,29,9,-1
40,29,10,-1
40,30,0,-1
40,30,1,-1
40,30,2,-1
40,30,3,4
40,30,4,-1
40,30,5,-1
40,30,6,-1
40,30,7,-1
40,30,8,-1
40,30,9,-1
40,30,10,-1
40,31,0,-1
40,31,1,-1
40,31,2,-1
40,31,3,4
40,31,4,-1
40,31,5,-1
40,31,6,-1
40,31,7,-1
40,31,8,-1
40,31,9,-1
40,31,10,-1
40,32,0,-1
40,32,1,-1
40,32,2,-1
40,32,3,-1
40,32,4,-1
40,32,5,-1
40,32,6,-1
40,32,7,-1
40,32,8,-1
40,32,9,-1
40,32,10,-1
40,33,0,-1
40,33,1,-1
40,33,2,-1
40,33,3,-1
40,33,4,-1
40,33,5,-1
40,33,6,-1
40,33,7,-1
40,33,8,-1
40,33,9,-1
40,33,10,-1
40,34,0,-1
40,34,1,-1
40,34,2,-1
40,34,3,-1
40,34,4,-1
40,34,5,-1
40,34,6,-1
40,34,7,-1
40,34,8,-1
40,34,9,-1
40,34,10,-1
40,35,0,-1
40,35,1,-1
40,35,2,-1
40,35,3,-1
40,35,4,-1
40,35,5,-1
40,35,6,-1
40,35,7,-1
40,35,8,-1
40,35,9,-1
40,35,10,-1
40,36,0,-1
40,36,1,-1
40,36,2,-1
40,36,3,-1
40,36,4,-1
40,36,5,-1
40,36,6,-1
40,36,7,-1
40,36,8,-1
40,36,9,-1
40,36,10,-1
40,37,0,-1
40,37,1,-1
40,37,2,-1
40,37,3,-1
40,37,4,-1
40,37,5,-1
40,37,6,-1
40,37,7,-1
40,37,8,-1
40,37,9,-1
40,37,10,-1
40,38,0,-1
40,38,1,-1
40,38,2,-1
40,38,3,-1
40,38,4,-1
40,38,5,-1
40,38,6,-1
40,38,7,-1
40,38,8,-1
40,38,9,-1
40,38,10,-1
40,39,0,-1
40,39,1,-1
40,39,2,-1
40,39,3,-1
40,39,4,-1
40,39,5,-1
40,39,6,-1
40,39,7,-1
40,39,8,-1
40,39,9,-1
40,39,10,-1
41,0,0,-1
41,0,1,-1
41,0,2,-1
41,0,3,-1
41,0,4,-1
41,0,5,-1
41,0,6,-1
41,0,7,-1
41,0,8,-1
41,0,9,-1
41,0,10,-1
41,1,0,-1
41,1,1,-1
41,1,2,-1
41,1,3,-1
41,1,4,-1
41,1,5,-1
41,1,6,-1
41,1,7,-1
41,1,8,-1
41,1,9,-1
41,1,10,-1
41,2,0,-1
41,2,1,-1
41,2,2,-1
41,2,3,4
41,2,4,14
41,2,5,-1
41,2,6,-1
41,2,7,-1
41,2,8,-1
41,2,9,-1
41,2,10,-1
41,3,0,-1
41,3,1,-1
41,3,2,-1
41,3,3,4
41,3,4,14
41,3,5,-1
41,3,6,-1
41,3,7,-1
41,3,8,-1
41,3,9,-1
41,3,10,-1
41,4,0,-1
41,4,1,-1
41,4,2,-1
41,4,3,4
41,4,4,14
41,4,5,-1
41,4,6,-1
41,4,7,-1
41,4,8,-1
41,4,9,-1
41,4,10,-1
41,5,0,-1
41,5,1,-1
41,5,2,-1
41,5,3,4
41,5,4,14
41,5,5,-1
41,5,6,-1
41,5,7,-1
41,5,8,-1
41,5,9,-1
41,5,10,-1
41,6,0,-1
41,6,1,-1
41,6,2,-1
41,6,3,19
41,6,4,14
41,6,5,-1
41,6,6,-1
41,6,7,-1
41,6,8,-1
41,6,9,-1
41,6,10,-1
41,7,0,-1
41,7,1,-1
41,7,2,-1
41,7,3,19
41,7,4,3
41,7,5,-1
41,7,6,-1
41,7,7,-1
41,7,8,-1
41,7,9,-1
41,7,10,-1
41,8,0,-1
41,8,1,-1
41,8,2,-1
41,8,3,4
41,8,4,3
41,8,5,-1
41,8,6,-1
41,8,7,-1
41,8,8,-1
41,8,9,-1
41,8,10,-1
41,9,0,-1
41,9,1,-1
41,9,2,-1
41,9,3,4
41,9,4,3
41,9,5,-1
41,9,6,-1
41,9,7,-1
41,9,8,-1
41,9,9,-1
41,9,10,-1
41,10,0,-1
41,10,1,-1
41,10,2,-1
41,10,3,4
41,10,4,3
41,10,5,-1
41,10,6,-1
41,10,7,-1
41,10,8,-1
41,10,9,-1
41,10,10,-1
41,11,0,-1
41,11,1,-1
41,11,2,-1
41,11,3,4
41,11,4,3
41,11,5,-1
41,11,6,-1
41,11,7,-1
41,11,8,-1
41,11,9,-1
41,11,10,-1
41,12,0,-1
41,12,1,-1
41,12,2,-1
41,12,3,4
41,12,4,3
41,12,5,-1
41,12,6,-1
41,12,7,-1
41,12,8,-1
41,12,9,-1
41,12,10,-1
41,13,0,-1
41,13,1,-1
41,13,2,-1
41,13,3,4
41,13,4,3
41,13,5,-1
41,13,6,-1
41,13,7,-1
41,13,8,-1
41,13,9,-1
41,13,10,-1
41,14,0,-1
41,14,1,-1
41,14,2,-1
41,14,3,4
41,14,4,3
41,14,5,-1
41,14,6,-1
41,14,7,-1
41,14,8,-1
41,14,9,-1
41,14,10,-1
41,15,0,-1
41,15,1,-1
41,15,2,-1
41,15,3,4
41,15,4,3
41,15,5,-1
41,15,6,-1
41,15,7,-1
41,15,8,-1
41,15,9,-1
41,15,10,-1
41,16,0,-1
41,16,1,-1
41,16,2,-1
41,16,3,4
41,16,4,3
41,16,5,-1
41,16,6,-1
41,16,7,-1
41,16,8,-1
41,16,9,-1
41,16,10,-1
41,17,0,-1
41,17,1,-1
41,17,2,-1
41,17,3,4
41,17,4,3
41,17,5,-1
41,17,6,-1
41,17,7,-1
41,17,8,-1
41,17,9,-1
41,17,10,-1
41,18,0,-1
41,18,1,-1
41,18,2,-1
41,18,3,4
41,18,4,3
41,18,5,-1
41,18,6,-1
41,18,7,-1
41,18,8,-1
41,18,9,-1
41,18,10,-1
41,19,0,-1
41,19,1,-1
41,19,2,-1
41,19,3,4
41,19,4,3
41,19,5,-1
41,19,6,-1
41,19,7,-1
41,19,8,-1
41,19,9,-1
41,19,10,-1
41,20,0,-1
41,20,1,-1
41,20,2,-1
41,20,3,4
41,20,4,3
41,20,5,-1
41,20,6,-1
41,20,7,-1
41,20,8,-1
41,20,9,-1
41,20,10,-1
41,21,0,-1
41,21,1,-1
41,21,2,-1
41,21,3,4
41,21,4,3
41,21,5,-1
41,21,6,-1
41,21,7,-1
41,21,8,-1
41,21,9,-1
41,21,10,-1
41,22,0,-1
41,22,1,-1
41,22,2,-1
41,22,3,4
41,22,4,3
41,22,5,-1
41,22,6,-1
41,22,7,-1
41,22,8,-1
41,22,9,-1
41,22,10,-1
41,23,0,-1
41,23,1,-1
41,23,2,-1
41,23,3,4
41,23,4,3
41,23,5,-1
41,23,6,-1
41,23,7,-1
41,23,8,-1
41,23,9,-1
41,23,10,-1
41,24,0,-1
41,24,1,-1
41,24,2,-1
41,24,3,4
41,24,4,3
41,24,5,-1
41,24,6,-1
41,24,7,-1
41,24,8,-1
41,24,9,-1
41,24,10,-1
41,25,0,-1
41,25,1,-1
41,25,2,-1
41,25,3,4
41,25,4,-1
41,25,5,-1
41,25,6,-1
41,25,7,-1
41,25,8,-1
41,25,9,-1
41,25,10,-1
41,26,0,-1
41,26,1,-1
41,26,2,-1
41,26,3,4
41,26,4,-1
41,26,5,-1
41,26,6,-1
41,26,7,-1
41,26,8,-1
41,26,9,-1
41,26,10,-1
41,27,0,-1
41,27,1,-1
41,27,2,-1
41,27,3,4
41,27,4,-1
41,27,5,-1
41,27,6,-1
41,27,7,-1
41,27,8,-1
41,27,9,-1
41,27,10,-1
41,28,0,-1
41,28,1,-1
41,28,2,-1
41,28,3,4
41,28,4,-1
41,28,5,-1
41,28,6,-1
41,28,7,-1
41,28,8,-1
41,28,9,-1
41,28,10,-1
41,29,0,-1
41,29,1,-1
41,29,2,-1
41,29,3,4
41,29,4,-1
41,29,5,-1
41,29,6,-1
41,29,7,-1
41,29,8,-1
41,29,9,-1
41,29,10,-1
41,30,0,-1
41,30,1,-1
41,30,2,-1
41,30,3,4
41,30,4,-1
41,30,5,-1
41,30,6,-1
41,30,7,-1
41,30,8,-1
41,30,9,-1
41,30,10,-1
41,31,0,-1
41,31,1,-1
41,31,2,-1
41,31,3,4
41,31,4,-1
41,31,5,-1
41,31,6,-1
41,31,7,-1
41,31,8,-1
41,31,9,-1
41,31,10,-1
41,32,0,-1
41,32,1,-1
41,32,2,-1
41,32,3,-1
41,32,4,-1
41,32,5,-1
41,32,6,-1
41,32,7,-1
41,32,8,-1
41,32,9,-1
41,32,10,-1
41,33,0,-1
41,33,1,-1
41,33,2,-1
41,33,3,-1
41,33,4,-1
41,33,5,-1
41,33,6,-1
41,33,7,-1
41,33,8,-1
41,33,9,-1
41,33,10,-1
41,34,0,-1
41,34,1,-1
41,34,2,-1
41,34,3,-1
41,34,4,-1
41,34,5,-1
41,34,6,-1
41,34,7,-1
41,34,8,-1
41,34,9,-1
41,34,10,-1
41,35,0,-1
41,35,1,-1
41,35,2,-1
41,35,3,-1
41,35,4,-1
41,35,5,-1
41,35,6,-1
41,35,7,-1
41,35,8,-1
41,35,9,-1
41,35,10,-1
41,36,0,-1
41,36,1,-1
41,36,2,-1
41,36,3,-1
41,36,4,-1
41,36,5,-1
41,36,6,-1
41,36,7,-1
41,36,8,-1
41,36,9,-1
41,36,10,-1
41,37,0,-1
41,37,1,-1
41,37,2,-1
41,37,3,-1
41,37,4,-1
41,37,5,-1
41,37,6,-1
41,37,7,-1
41,37,8,-1
41,37,9,-1
41,37,10,-1
41,38,0,-1
41,38,1,-1
41,38,2,-1
41,38,3,-1
41,38,4,-1
41,38,5,-1
41,38,6,-1
41,38,7,-1
41,38,8,-1
41,38,9,-1
41,38,10,-1
41,39,0,-1
41,39,1,-1
41,39,2,-1
41,39,3,-1
41,39,4,-1
41,39,5,-1
41,39,6,-1
41,39,7,-1
41,39,8,-1
41,39,9,-1
41,39,10,-1
42,0,0,-1
42,0,1,-1
42,0,2,-1
42,0,3,-1
42,0,4,-1
42,0,5,-1
42,0,6,-1
42,0,7,-1
42,0,8,-1
42,0,9,-1
42,0,10,-1
42,1,0,-1
42,1,1,-1
42,1,2,-1
42,1,3,-1
42,1,4,-1
42,1,5,-1
42,1,6,-1
42,1,7,-1
42,1,8,-1
42,1,9,-1
42,1,10,-1
42,2,0,-1
42,2,1,-1
42,2,2,-1
42,2,3,4
42,2,4,14
42,2,5,-1
42,2,6,-1
42,2,7,-1
42,2,8,-1
42,2,9,-1
42,2,10,-1
42,3,0,-1
42,3,1,-1
42,3,2,-1
42,3,3,4
42,3,4,14
42,3,5,-1
42,3,6,-1
42,3,7,-1
42,3,8,-1
42,3,9,-1
42,3,10,-1
42,4,0,-1
42,4,1,-1
42,4,2,-1
42,4,3,4
42,4,4,14
42,4,5,-1
42,4,6,-1
42,4,7,-1
42,4,8,-1
42,4,9,-1
42,4,10,-1
42,5,0,-1
42,5,1,-1
42,5,2,-1
42,5,3,4
42,5,4,14
42,5,5,-1
42,5,6,-1
42,5,7,-1
42,5,8,-1
42,5,9,-1
42,5,10,-1
42,6,0,-1
42,6,1,-1
42,6,2,-1
42,6,3,4
42,6,4,14
42,6,5,-1
42,6,6,-1
42,6,7,-1
42,6,8,-1
42,6,9,-1
42,6,10,-1
42,7,0,-1
42,7,1,-1
42,7,2,-1
42,7,3,4
42,7,4,3
42,7,5,-1
42,7,6,-1
42,7,7,-1
42,7,8,-1
42,7,9,-1
42,7,10,-1
42,8,0,-1
42,8,1,-1
42,8,2,-1
42,8,3,4
42,8,4,3
42,8,5,-1
42,8,6,-1
42,8,7,-1
42,8,8,-1
42,8,9,-1
42,8,10,-1
42,9,0,-1
42,9,1,-1
42,9,2,-1
42,9,3,4
42,9,4,3
42,9,5,-1
42,9,6,-1
42,9,7,-1
42,9,8,-1
42,9,9,-1
42,9,10,-1
42,10,0,-1
42,10,1,-1
42,10,2,-1
42,10,3,-1
42,10,4,-1
42,10,5,-1
42,10,6,-1
42,10,7,-1
42,10,8,-1
42,10,9,-1
42,10,10,-1
42,11,0,-1
42,11,1,-1
42,11,2,-1
42,11,3,-1
42,11,4,-1
42,11,5,-1
42,11,6,-1
42,11,7,-1
42,11,8,-1
42,11,9,-1
42,11,10,-1
42,12,0,-1
42,12,1,-1
42,12,2,-1
42,12,3,-1
42,12,4,-1
42,12,5,-1
42,12,6,-1
42,12,7,-1
42,12,8,-1
42,12,9,-1
42,12,10,-1
42,13,0,-1
42,13,1,-1
42,13,2,-1
42,13,3,-1
42,13,4,-1
42,13,5,-1
42,13,6,-1
42,13,7,-1
42,13,8,-1
42,13,9,-1
42,13,10,-1
42,14,0,-1
42,14,1,-1
42,14,2,-1
42,14,3,-1
42,14,4,-1
42,14,5,-1
42,14,6,-1
42,14,7,-1
42,14,8,-1
42,14,9,-1
42,14,10,-1
42,15,0,-1
42,15,1,-1
42,15,2,-1
42,15,3,-1
42,15,4,-1
42,15,5,-1
42,15,6,-1
42,15,7,-1
42,15,8,-1
42,15,9,-1
42,15,10,-1
42,16,0,-1
42,16,1,-1
42,16,2,-1
42,16,3,-1
42,16,4,-1
42,16,5,-1
42,16,6,-1
42,16,7,-1
42,16,8,-1
42,16,9,-1
42,16,10,-1
42,17,0,-1
42,17,1,-1
42,17,2,-1
42,17,3,-1
42,17,4,-1
42,17,5,-1
42,17,6,-1
42,17,7,-1
42,17,8,-1
42,17,9,-1
42,17,10,-1
42,18,0,-1
42,18,1,-1
42,18,2,-1
42,18,3,-1
42,18,4,-1
42,18,5,-1
42,18,6,-1
42,18,7,-1
42,18,8,-1
42,18,9,-1
42,18,10,-1
42,19,0,-1
42,19,1,-1
42,19,2,-1
42,19,3,-1
42,19,4,-1
42,19,5,-1
42,19,6,-1
42,19,7,-1
42,19,8,-1
42,19,9,-1
42,19,10,-1
42,20,0,-1
42,20,1,-1
42,20,2,-1
42,20,3,-1
42,20,4,-1
42,20,5,-1
42,20,6,-1
42,20,7,-1
42,20,8,-1
42,20,9,-1
42,20,10,-1
42,21,0,-1
42,21,1,-1
42,21,2,-1
42,21,3,-1
42,21,4,-1
42,21,5,-1
42,21,6,-1
42,21,7,-1
42,21,8,-1
42,21,9,-1
42,21,10,-1
42,22,0,-1
42,22,1,-1
42,22,2,-1
42,22,3,-1
42,22,4,-1
42,22,5,-1
42,22,6,-1
42,22,7,-1
42,22,8,-1
42,22,9,-1
42,22,10,-1
42,23,0,-1
42,23,1,-1
42,23,2,-1
42,23,3,-1
42,23,4,-1
42,23,5,-1
42,23,6,-1
42,23,7,-1
42,23,8,-1
42,23,9,-1
42,23,10,-1
42,24,0,-1
42,24,1,-1
42,24,2,-1
42,24,3,-1
42,24,4,-1
42,24,5,-1
42,24,6,-1
42,24,7,-1
42,24,8,-1
42,24,9,-1
42,24,10,-1
42,25,0,-1
42,25,1,-1
42,25,2,-1
42,25,3,-1
42,25,4,-1
42,25,5,-1
42,25,6,-1
42,25,7,-1
42,25,8,-1
42,25,9,-1
42,25,10,-1
42,26,0,-1
42,26,1,-1
42,26,2,-1
42,26,3,-1
42,26,4,-1
42,26,5,-1
42,26,6,-1
42,26,7,-1
42,26,8,-1
42,26,9,-1
42,26,10,-1
42,27,0,-1
42,27,1,-1
42,27,2,-1
42,27,3,-1
42,27,4,-1
42,27,5,-1
42,27,6,-1
42,27,7,-1
42,27,8,-1
42,27,9,-1
42,27,10,-1
42,28,0,-1
42,28,1,-1
42,28,2,-1
42,28,3,-1
42,28,4,-1
42,28,5,-1
42,28,6,-1
42,28,7,-1
42,28,8,-1
42,28,9,-1
42,28,10,-1
42,29,0,-1
42,29,1,-1
42,29,2,-1
42,29,3,-1
42,29,4,-1
42,29,5,-1
42,29,6,-1
42,29,7,-1
42,29,8,-1
42,29,9,-1
42,29,10,-1
42,30,0,-1
42,30,1,-1
42,30,2,-1
42,30,3,-1
42,30,4,-1
42,30,5,-1
42,30,6,-1
42,30,7,-1
42,30,8,-1
42,30,9,-1
42,30,10,-1
42,31,0,-1
42,31,1,-1
42,31,2,-1
42,31,3,-1
42,31,4,-1
42,31,5,-1
42,31,6,-1
42,31,7,-1
42,31,8,-1
42,31,9,-1
42,31,10,-1
42,32,0,-1
42,32,1,-1
42,32,2,-1
42,32,3,-1
42,32,4,-1
42,32,5,-1
42,32,6,-1
42,32,7,-1
42,32,8,-1
42,32,9,-1
42,32,10,-1
42,33,0,-1
42,33,1,-1
42,33,2,-1
42,33,3,-1
42,33,4,-1
42,33,5,-1
42,33,6,-1
42,33,7,-1
42,33,8,-1
42,33,9,-1
42,33,10,-1
42,34,0,-1
42,34,1,-1
42,34,2,-1
42,34,3,-1
42,34,4,-1
42,34,5,-1
42,34,6,-1
42,34,7,-1
42,34,8,-1
42,34,9,-1
42,34,10,-1
42,35,0,-1
42,35,1,-1
42,35,2,-1
42,35,3,-1
42,35,4,-1
42,35,5,-1
42,35,6,-1
42,35,7,-1
42,35,8,-1
42,35,9,-1
42,35,10,-1
42,36,0,-1
42,36,1,-1
42,36,2,-1
42,36,3,-1
42,36,4,-1
42,36,5,-1
42,36,6,-1
42,36,7,-1
42,36,8,-1
42,36,9,-1
42,36,10,-1
42,37,0,-1
42,37,1,-1
42,37,2,-1
42,37,3,-1
42,37,4,-1
42,37,5,-1
42,37,6,-1
42,37,7,-1
42,37,8,-1
42,37,9,-1
42,37,10,-1
42,38,0,-1
42,38,1,-1
42,38,2,-1
42,38,3,-1
42,38,4,-1
42,38,5,-1
42,38,6,-1
42,38,7,-1
42,38,8,-1
42,38,9,-1
42,38,10,-1
42,39,0,-1
42,39,1,-1
42,39,2,-1
42,39,3,-1
42,39,4,-1
42,39,5,-1
42,39,6,-1
42,39,7,-1
42,39,8,-1
42,39,9,-1
42,39,10,-1
